# relative_time, cycles_done, cur_item, corpus_count, pending_total, pending_favs, map_size, saved_crashes, saved_hangs, max_depth, execs_per_sec, total_execs, edges_found, total_crashes, servers_count
61, 0, 16, 46, 39, 8, 12.84%, 0, 0, 3, 303.99, 18763, 372, 0, 0
66, 0, 16, 49, 42, 8, 12.91%, 0, 0, 3, 312.00, 20344, 374, 0, 0
71, 0, 16, 50, 43, 8, 12.91%, 0, 0, 3, 305.63, 21929, 374, 0, 0
76, 0, 16, 50, 43, 8, 12.91%, 0, 0, 3, 311.89, 23561, 374, 0, 0
81, 0, 16, 50, 43, 8, 12.91%, 0, 0, 3, 310.87, 25121, 374, 0, 0
86, 0, 16, 52, 45, 8, 12.91%, 0, 0, 3, 313.10, 26695, 374, 0, 0
91, 0, 16, 53, 46, 8, 12.91%, 0, 0, 3, 307.71, 28250, 374, 0, 0
96, 0, 16, 53, 46, 8, 12.91%, 0, 0, 3, 315.35, 29834, 374, 0, 0
101, 0, 16, 53, 46, 8, 12.91%, 0, 0, 3, 308.70, 31394, 374, 0, 0
106, 0, 16, 53, 46, 8, 12.91%, 0, 0, 3, 305.92, 32942, 374, 0, 0
111, 0, 16, 56, 49, 8, 12.91%, 0, 0, 3, 305.03, 34487, 374, 0, 0
116, 0, 16, 56, 49, 8, 12.91%, 0, 0, 3, 299.82, 35993, 374, 0, 0
121, 0, 16, 56, 49, 8, 12.91%, 0, 0, 3, 311.56, 37541, 374, 0, 0
126, 0, 16, 56, 49, 8, 12.91%, 0, 0, 3, 309.99, 39114, 374, 0, 0
131, 0, 16, 56, 49, 8, 12.91%, 0, 0, 3, 310.28, 40680, 374, 0, 0
137, 0, 16, 58, 51, 8, 12.91%, 0, 0, 3, 306.55, 42212, 374, 0, 0
142, 0, 16, 58, 51, 8, 12.91%, 0, 0, 3, 309.72, 43778, 374, 0, 0
147, 0, 16, 58, 51, 8, 12.91%, 0, 0, 3, 308.76, 45356, 374, 0, 0
152, 0, 16, 60, 53, 8, 12.91%, 0, 0, 3, 300.79, 46858, 374, 0, 0
157, 0, 16, 61, 54, 8, 12.91%, 0, 0, 3, 301.62, 48425, 374, 0, 0
162, 0, 16, 61, 54, 8, 12.91%, 0, 0, 3, 295.02, 49946, 374, 0, 0
167, 0, 16, 61, 54, 8, 12.91%, 0, 0, 3, 296.92, 51496, 374, 0, 0
172, 0, 16, 61, 54, 8, 12.91%, 0, 0, 3, 315.39, 53153, 374, 0, 0
177, 0, 16, 61, 54, 8, 12.91%, 0, 0, 3, 304.08, 54677, 374, 0, 0
182, 0, 16, 61, 54, 8, 12.91%, 0, 0, 3, 311.86, 56231, 374, 0, 0
187, 0, 16, 61, 54, 8, 12.91%, 0, 0, 3, 318.50, 57869, 374, 0, 0
192, 0, 16, 62, 55, 8, 12.91%, 0, 0, 3, 305.49, 59382, 374, 0, 0
198, 0, 16, 63, 56, 8, 12.91%, 0, 0, 3, 307.43, 60943, 374, 0, 0
203, 0, 16, 64, 57, 8, 12.91%, 0, 0, 3, 329.62, 62618, 374, 0, 0
208, 0, 16, 64, 57, 8, 12.91%, 0, 0, 3, 333.59, 64274, 374, 0, 0
213, 0, 34, 66, 53, 7, 12.91%, 0, 0, 3, 332.55, 65960, 374, 0, 0
218, 0, 36, 67, 44, 0, 12.91%, 0, 0, 4, 300.34, 67445, 374, 0, 0
223, 0, 61, 76, 51, 0, 12.91%, 0, 0, 4, 288.16, 68892, 374, 0, 0
228, 0, 61, 79, 54, 0, 12.91%, 0, 0, 4, 292.05, 70403, 374, 0, 0
233, 0, 61, 80, 55, 0, 12.91%, 0, 0, 4, 296.15, 71930, 374, 0, 0
238, 0, 61, 81, 56, 0, 12.91%, 0, 0, 4, 299.70, 73482, 374, 0, 0
243, 0, 61, 81, 56, 0, 12.91%, 0, 0, 4, 292.56, 74937, 374, 0, 0
248, 0, 61, 81, 56, 0, 12.91%, 0, 0, 4, 300.66, 76471, 374, 0, 0
253, 0, 61, 81, 56, 0, 12.91%, 0, 0, 4, 295.29, 77987, 374, 0, 0
258, 0, 61, 81, 56, 0, 12.91%, 0, 0, 4, 294.15, 79462, 374, 0, 0
264, 0, 61, 82, 57, 0, 12.91%, 0, 0, 4, 297.25, 81014, 374, 0, 0
269, 0, 67, 87, 61, 0, 12.91%, 0, 0, 5, 315.88, 82591, 374, 0, 0
274, 0, 67, 92, 66, 0, 12.91%, 0, 0, 5, 329.00, 84276, 374, 0, 0
279, 0, 67, 94, 68, 0, 12.91%, 0, 0, 5, 325.25, 85922, 374, 0, 0
284, 0, 67, 96, 70, 0, 12.91%, 0, 0, 5, 313.67, 87496, 374, 0, 0
289, 0, 67, 96, 70, 0, 12.91%, 0, 0, 5, 306.86, 89020, 374, 0, 0
294, 0, 67, 96, 70, 0, 12.91%, 0, 0, 5, 322.42, 90664, 374, 0, 0
299, 0, 67, 97, 71, 0, 12.91%, 0, 0, 5, 308.35, 92201, 374, 0, 0
304, 0, 67, 97, 71, 0, 12.91%, 0, 0, 5, 310.56, 93779, 374, 0, 0
309, 0, 38, 97, 68, 0, 12.91%, 0, 0, 5, 300.38, 95336, 374, 0, 0
314, 0, 96, 113, 83, 0, 12.91%, 0, 0, 6, 294.08, 96821, 374, 0, 0
319, 0, 96, 116, 86, 0, 12.91%, 0, 0, 6, 293.45, 98277, 374, 0, 0
324, 0, 96, 117, 87, 0, 12.91%, 0, 0, 6, 298.12, 99789, 374, 0, 0
329, 0, 96, 118, 88, 0, 12.91%, 0, 0, 6, 284.92, 101211, 374, 0, 0
334, 0, 96, 118, 88, 0, 12.91%, 0, 0, 6, 279.61, 102616, 374, 0, 0
339, 0, 96, 118, 88, 0, 12.91%, 0, 0, 6, 287.00, 104066, 374, 0, 0
345, 0, 96, 118, 88, 0, 12.91%, 0, 0, 6, 294.87, 105586, 374, 0, 0
350, 0, 96, 119, 89, 0, 12.91%, 0, 0, 6, 298.37, 107123, 374, 0, 0
355, 0, 98, 119, 88, 0, 12.91%, 0, 0, 6, 302.07, 108640, 374, 0, 0
360, 0, 88, 121, 88, 0, 12.91%, 0, 0, 6, 311.26, 110221, 374, 0, 0
365, 0, 116, 122, 85, 0, 12.91%, 0, 0, 7, 310.09, 111797, 374, 0, 0
370, 0, 65, 122, 82, 0, 12.91%, 0, 0, 7, 309.03, 113400, 374, 0, 0
375, 0, 102, 123, 80, 0, 12.91%, 0, 0, 7, 302.32, 114937, 374, 0, 0
380, 0, 102, 126, 83, 0, 12.91%, 0, 0, 7, 305.75, 116512, 374, 0, 0
385, 0, 102, 128, 85, 0, 12.91%, 0, 0, 7, 309.02, 118062, 374, 0, 0
390, 0, 102, 128, 85, 0, 12.91%, 0, 0, 7, 312.46, 119640, 374, 0, 0
395, 0, 102, 130, 87, 0, 12.91%, 0, 0, 7, 315.36, 121220, 374, 0, 0
400, 0, 102, 131, 88, 0, 12.91%, 0, 0, 7, 316.65, 122811, 374, 0, 0
406, 0, 102, 133, 90, 0, 12.91%, 0, 0, 7, 315.19, 124385, 374, 0, 0
411, 0, 102, 133, 90, 0, 12.91%, 0, 0, 7, 316.25, 126023, 374, 0, 0
416, 0, 102, 134, 91, 0, 12.91%, 0, 0, 7, 309.52, 127590, 374, 0, 0
421, 0, 131, 137, 90, 0, 12.91%, 0, 0, 8, 315.96, 129210, 374, 0, 0
426, 0, 65, 137, 86, 0, 12.91%, 0, 0, 8, 320.29, 130817, 374, 0, 0
431, 0, 126, 138, 82, 0, 12.91%, 0, 0, 8, 314.95, 132419, 374, 0, 0
436, 0, 134, 138, 80, 0, 12.91%, 0, 0, 8, 315.01, 134049, 374, 0, 0
441, 0, 130, 141, 81, 0, 12.91%, 0, 0, 8, 309.03, 135610, 374, 0, 0
446, 0, 36, 141, 78, 0, 12.91%, 0, 0, 8, 313.17, 137200, 374, 0, 0
452, 0, 137, 151, 88, 0, 12.91%, 0, 0, 9, 309.97, 138788, 374, 0, 0
457, 0, 137, 156, 93, 0, 12.91%, 0, 0, 9, 311.54, 140359, 374, 0, 0
462, 0, 137, 157, 94, 0, 12.91%, 0, 0, 9, 301.41, 141884, 374, 0, 0
467, 0, 137, 158, 95, 0, 12.91%, 0, 0, 9, 295.84, 143360, 374, 0, 0
472, 0, 137, 158, 95, 0, 12.91%, 0, 0, 9, 304.79, 144927, 374, 0, 0
477, 0, 137, 158, 95, 0, 12.91%, 0, 0, 9, 301.54, 146433, 374, 0, 0
482, 0, 19, 159, 94, 0, 12.91%, 0, 0, 9, 313.03, 148069, 374, 0, 0
487, 0, 157, 162, 96, 0, 12.91%, 0, 0, 10, 298.10, 149581, 374, 0, 0
492, 0, 157, 163, 97, 0, 12.91%, 0, 0, 10, 284.14, 150998, 374, 0, 0
497, 0, 122, 163, 95, 0, 12.91%, 0, 0, 10, 279.49, 152383, 374, 0, 0
502, 0, 93, 163, 93, 0, 12.91%, 0, 0, 10, 298.01, 153931, 374, 0, 0
507, 1, 135, 163, 91, 0, 12.91%, 0, 0, 10, 294.01, 155423, 374, 0, 0
512, 1, 1, 163, 87, 0, 12.91%, 0, 0, 10, 303.40, 156948, 374, 0, 0
517, 1, 161, 163, 82, 0, 12.91%, 0, 0, 10, 299.32, 158482, 374, 0, 0
523, 1, 161, 166, 85, 0, 12.91%, 0, 0, 11, 303.43, 160038, 374, 0, 0
528, 1, 47, 166, 83, 0, 12.91%, 0, 0, 11, 303.87, 161569, 374, 0, 0
533, 1, 156, 166, 80, 0, 12.91%, 0, 0, 11, 306.93, 163169, 374, 0, 0
538, 1, 144, 167, 77, 0, 12.91%, 0, 0, 11, 311.78, 164737, 374, 0, 0
543, 1, 81, 167, 74, 0, 12.91%, 0, 0, 11, 307.98, 166269, 374, 0, 0
548, 1, 33, 167, 70, 0, 12.91%, 0, 0, 11, 306.24, 167827, 374, 0, 0
553, 1, 146, 169, 70, 0, 12.91%, 0, 0, 11, 310.44, 169423, 374, 0, 0
558, 1, 157, 169, 66, 0, 12.91%, 0, 0, 11, 304.79, 170994, 374, 0, 0
563, 1, 87, 169, 63, 0, 12.91%, 0, 0, 11, 317.79, 172610, 374, 0, 0
568, 1, 107, 169, 60, 0, 12.91%, 0, 0, 11, 315.05, 174223, 374, 0, 0
574, 1, 51, 169, 57, 0, 12.91%, 0, 0, 11, 318.46, 175843, 374, 0, 0
579, 1, 15, 169, 52, 0, 12.91%, 0, 0, 11, 314.63, 177457, 374, 0, 0
584, 1, 164, 169, 49, 0, 12.91%, 0, 0, 11, 323.70, 179155, 374, 0, 0
589, 1, 166, 169, 45, 0, 12.91%, 0, 0, 11, 315.38, 180791, 374, 0, 0
594, 1, 167, 169, 42, 0, 12.91%, 0, 0, 11, 309.00, 182335, 374, 0, 0
599, 1, 104, 169, 38, 0, 12.91%, 0, 0, 11, 308.80, 183884, 374, 0, 0
604, 1, 83, 171, 36, 0, 12.91%, 0, 0, 11, 305.51, 185458, 374, 0, 0
609, 1, 168, 172, 36, 0, 12.91%, 0, 0, 11, 313.33, 187087, 374, 0, 0
615, 1, 46, 173, 35, 0, 12.91%, 0, 0, 11, 310.81, 188642, 374, 0, 0
620, 1, 159, 174, 33, 0, 12.91%, 0, 0, 11, 310.44, 190221, 374, 0, 0
625, 1, 172, 174, 30, 0, 12.91%, 0, 0, 11, 319.85, 191798, 374, 0, 0
630, 1, 168, 175, 29, 0, 12.91%, 0, 0, 12, 297.97, 193298, 374, 0, 0
635, 1, 36, 176, 27, 0, 12.91%, 0, 0, 12, 304.16, 194863, 374, 0, 0
640, 2, 173, 176, 25, 0, 12.91%, 0, 0, 12, 302.21, 196416, 374, 0, 0
645, 2, 173, 180, 29, 0, 12.91%, 0, 0, 12, 305.32, 197971, 374, 0, 0
650, 2, 173, 180, 29, 0, 12.91%, 0, 0, 12, 310.22, 199555, 374, 0, 0
655, 2, 173, 181, 30, 0, 12.91%, 0, 0, 12, 298.33, 201086, 374, 0, 0
660, 2, 173, 181, 30, 0, 12.91%, 0, 0, 12, 304.06, 202634, 374, 0, 0
665, 2, 173, 181, 30, 0, 12.91%, 0, 0, 12, 300.40, 204126, 374, 0, 0
670, 2, 173, 181, 30, 0, 12.91%, 0, 0, 12, 311.08, 205724, 374, 0, 0
676, 2, 178, 181, 29, 0, 12.91%, 0, 0, 12, 296.44, 207206, 374, 0, 0
681, 2, 178, 183, 31, 0, 12.91%, 0, 0, 13, 291.39, 208685, 374, 0, 0
686, 2, 178, 184, 32, 0, 12.91%, 0, 0, 13, 278.85, 210132, 374, 0, 0
691, 2, 178, 187, 35, 0, 12.91%, 0, 0, 13, 288.26, 211638, 374, 0, 0
696, 2, 178, 187, 35, 0, 12.91%, 0, 0, 13, 286.73, 213123, 374, 0, 0
701, 2, 178, 187, 35, 0, 12.91%, 0, 0, 13, 294.63, 214663, 374, 0, 0
707, 2, 178, 187, 35, 0, 12.91%, 0, 0, 13, 289.18, 216153, 374, 0, 0
712, 2, 187, 188, 35, 1, 13.26%, 0, 0, 13, 283.82, 217580, 384, 0, 0
717, 2, 187, 190, 37, 1, 13.26%, 0, 0, 13, 280.00, 218988, 384, 0, 0
722, 2, 187, 190, 37, 1, 13.26%, 0, 0, 13, 275.32, 220393, 384, 0, 0
727, 2, 187, 190, 37, 1, 13.26%, 0, 0, 13, 267.55, 221793, 384, 0, 0
732, 2, 187, 208, 55, 1, 13.29%, 0, 0, 13, 269.41, 223155, 385, 0, 0
737, 2, 187, 210, 57, 1, 13.29%, 0, 0, 13, 269.60, 224514, 385, 0, 0
742, 2, 187, 212, 59, 1, 13.29%, 0, 0, 13, 273.16, 225943, 385, 0, 0
747, 2, 187, 212, 59, 1, 13.29%, 0, 0, 13, 271.54, 227288, 385, 0, 0
752, 2, 187, 214, 61, 1, 13.29%, 0, 0, 13, 274.41, 228672, 385, 0, 0
758, 2, 187, 214, 61, 1, 13.29%, 0, 0, 13, 284.20, 230162, 385, 0, 0
763, 2, 187, 215, 62, 1, 13.29%, 0, 0, 13, 268.70, 231504, 385, 0, 0
768, 2, 187, 215, 62, 1, 13.29%, 0, 0, 13, 278.43, 232889, 385, 0, 0
773, 2, 187, 215, 62, 1, 13.29%, 0, 0, 13, 274.53, 234289, 385, 0, 0
778, 2, 192, 215, 61, 1, 13.29%, 0, 0, 13, 287.72, 235729, 385, 0, 0
783, 2, 147, 217, 61, 0, 13.29%, 0, 0, 13, 300.58, 237275, 385, 0, 0
788, 2, 182, 218, 62, 0, 13.29%, 0, 0, 13, 307.03, 238925, 385, 0, 0
793, 2, 182, 221, 65, 0, 13.29%, 0, 0, 14, 315.28, 240584, 385, 0, 0
800, 2, 220, 221, 64, 0, 13.29%, 0, 0, 14, 309.40, 242692, 385, 0, 0
805, 2, 220, 223, 66, 0, 13.29%, 0, 0, 15, 311.34, 244260, 385, 0, 0
810, 2, 220, 223, 66, 0, 13.29%, 0, 0, 15, 303.16, 245778, 385, 0, 0
817, 2, 222, 223, 64, 0, 13.29%, 0, 0, 15, 318.88, 247859, 385, 0, 0
822, 2, 222, 225, 66, 0, 13.29%, 0, 0, 16, 315.48, 249451, 385, 0, 0
827, 2, 222, 225, 66, 0, 13.29%, 0, 0, 16, 311.17, 251017, 385, 0, 0
832, 2, 191, 225, 63, 0, 13.29%, 0, 0, 16, 317.10, 252620, 385, 0, 0
838, 2, 191, 225, 63, 0, 13.29%, 0, 0, 16, 311.70, 254434, 385, 0, 0
843, 2, 185, 225, 61, 0, 13.29%, 0, 0, 16, 301.12, 255923, 385, 0, 0
848, 2, 176, 227, 63, 0, 13.29%, 0, 0, 16, 292.00, 257425, 385, 0, 0
853, 2, 188, 227, 61, 0, 13.29%, 0, 0, 16, 293.11, 258949, 385, 0, 0
859, 2, 217, 227, 60, 0, 13.29%, 0, 0, 16, 289.63, 260800, 385, 0, 0
865, 2, 207, 229, 61, 0, 13.29%, 0, 0, 16, 289.71, 262304, 385, 0, 0
871, 2, 186, 229, 60, 0, 13.29%, 0, 0, 16, 289.87, 264075, 385, 0, 0
876, 2, 215, 229, 59, 0, 13.29%, 0, 0, 16, 248.92, 265365, 385, 0, 0
882, 2, 215, 230, 60, 0, 13.29%, 0, 0, 16, 256.58, 266847, 385, 0, 0
887, 2, 215, 233, 63, 0, 13.29%, 0, 0, 16, 226.65, 267948, 385, 0, 0
892, 2, 215, 233, 63, 0, 13.29%, 0, 0, 16, 225.59, 269076, 385, 0, 0
897, 2, 232, 233, 62, 0, 13.29%, 0, 0, 16, 224.25, 270188, 385, 0, 0
902, 2, 232, 233, 62, 0, 13.29%, 0, 0, 16, 242.09, 271442, 385, 0, 0
907, 2, 229, 233, 61, 0, 13.29%, 0, 0, 16, 222.15, 272530, 385, 0, 0
912, 2, 229, 233, 61, 0, 13.29%, 0, 0, 16, 243.33, 273803, 385, 0, 0
917, 2, 223, 233, 60, 0, 13.29%, 0, 0, 16, 264.59, 275217, 385, 0, 0
922, 2, 230, 233, 59, 0, 13.29%, 0, 0, 16, 242.43, 276437, 385, 0, 0
927, 2, 230, 233, 59, 0, 13.29%, 0, 0, 16, 258.22, 277749, 385, 0, 0
932, 2, 231, 233, 57, 0, 13.29%, 0, 0, 16, 225.70, 278927, 385, 0, 0
938, 2, 231, 233, 57, 0, 13.29%, 0, 0, 16, 258.31, 280282, 385, 0, 0
943, 2, 221, 233, 56, 0, 13.29%, 0, 0, 16, 277.07, 281721, 385, 0, 0
948, 2, 200, 233, 54, 0, 13.29%, 0, 0, 16, 289.87, 283233, 385, 0, 0
953, 2, 227, 233, 53, 0, 13.29%, 0, 0, 16, 303.84, 284839, 385, 0, 0
958, 2, 224, 233, 52, 0, 13.29%, 0, 0, 16, 296.15, 286311, 385, 0, 0
963, 2, 73, 233, 51, 0, 13.29%, 0, 0, 16, 300.55, 287849, 385, 0, 0
969, 2, 195, 233, 51, 0, 13.29%, 0, 0, 16, 293.49, 289335, 385, 0, 0
974, 2, 177, 233, 50, 0, 13.29%, 0, 0, 16, 293.61, 290827, 385, 0, 0
979, 2, 197, 233, 49, 0, 13.29%, 0, 0, 16, 279.02, 292212, 385, 0, 0
984, 2, 127, 233, 48, 0, 13.29%, 0, 0, 16, 270.90, 293576, 385, 0, 0
989, 2, 193, 233, 47, 0, 13.29%, 0, 0, 16, 268.35, 294946, 385, 0, 0
995, 2, 193, 233, 47, 0, 13.29%, 0, 0, 16, 282.73, 296535, 385, 0, 0
1000, 2, 210, 233, 45, 0, 13.29%, 0, 0, 16, 289.22, 298060, 385, 0, 0
1006, 2, 210, 233, 45, 0, 13.29%, 0, 0, 16, 289.61, 299854, 385, 0, 0
1011, 2, 219, 233, 44, 0, 13.29%, 0, 0, 16, 294.72, 301348, 385, 0, 0
1017, 2, 181, 233, 42, 0, 13.29%, 0, 0, 16, 295.29, 302896, 385, 0, 0
1022, 2, 170, 233, 40, 0, 13.29%, 0, 0, 16, 298.70, 304397, 385, 0, 0
1027, 2, 212, 233, 39, 0, 13.29%, 0, 0, 16, 289.10, 305812, 385, 0, 0
1032, 2, 211, 233, 38, 0, 13.29%, 0, 0, 16, 291.05, 307288, 385, 0, 0
1037, 2, 205, 233, 37, 0, 13.29%, 0, 0, 16, 289.76, 308773, 385, 0, 0
1043, 2, 183, 233, 36, 0, 13.29%, 0, 0, 16, 290.25, 310423, 385, 0, 0
1048, 2, 151, 233, 35, 0, 13.29%, 0, 0, 16, 300.93, 311954, 385, 0, 0
1053, 2, 39, 233, 33, 0, 13.29%, 0, 0, 16, 309.42, 313557, 385, 0, 0
1058, 2, 214, 233, 33, 0, 13.29%, 0, 0, 16, 298.71, 315032, 385, 0, 0
1063, 2, 201, 233, 32, 0, 13.29%, 0, 0, 16, 288.43, 316498, 385, 0, 0
1068, 2, 209, 233, 31, 0, 13.29%, 0, 0, 16, 288.99, 317960, 385, 0, 0
1073, 2, 209, 233, 31, 0, 13.29%, 0, 0, 16, 295.02, 319420, 385, 0, 0
1078, 2, 71, 233, 29, 0, 13.29%, 0, 0, 16, 295.81, 320897, 385, 0, 0
1083, 2, 225, 233, 28, 0, 13.29%, 0, 0, 16, 285.75, 322345, 385, 0, 0
1088, 2, 204, 233, 27, 0, 13.29%, 0, 0, 16, 293.33, 323845, 385, 0, 0
1095, 2, 204, 233, 27, 0, 13.29%, 0, 0, 16, 292.02, 325823, 385, 0, 0
1101, 2, 134, 233, 25, 0, 13.29%, 0, 0, 16, 299.39, 327364, 385, 0, 0
1106, 2, 47, 233, 25, 0, 13.29%, 0, 0, 16, 303.37, 328885, 385, 0, 0
1111, 2, 84, 234, 26, 0, 13.29%, 0, 0, 16, 301.37, 330397, 385, 0, 0
1116, 2, 46, 234, 25, 0, 13.29%, 0, 0, 16, 297.51, 331895, 385, 0, 0
1121, 2, 202, 234, 25, 0, 13.29%, 0, 0, 16, 288.63, 333335, 385, 0, 0
1126, 2, 19, 235, 25, 0, 13.29%, 0, 0, 16, 282.02, 334764, 385, 0, 0
1131, 2, 190, 235, 25, 0, 13.29%, 0, 0, 16, 283.25, 336239, 385, 0, 0
1136, 2, 190, 235, 25, 0, 13.29%, 0, 0, 16, 285.10, 337679, 385, 0, 0
1141, 2, 233, 236, 25, 0, 13.29%, 0, 0, 16, 275.74, 339006, 385, 0, 0
1146, 2, 226, 236, 24, 0, 13.29%, 0, 0, 16, 288.13, 340513, 385, 0, 0
1152, 2, 226, 237, 25, 0, 13.29%, 0, 0, 16, 285.31, 342018, 385, 0, 0
1157, 2, 235, 237, 24, 0, 13.29%, 0, 0, 16, 237.12, 343104, 385, 0, 0
1162, 2, 235, 237, 24, 0, 13.29%, 0, 0, 16, 241.45, 344307, 385, 0, 0
1167, 2, 206, 237, 23, 0, 13.29%, 0, 0, 16, 299.93, 345919, 385, 0, 0
1173, 2, 206, 237, 23, 0, 13.29%, 0, 0, 16, 303.88, 347792, 385, 0, 0
1178, 2, 234, 237, 22, 0, 13.29%, 0, 0, 16, 283.35, 349217, 385, 0, 0
1183, 2, 234, 240, 25, 0, 13.29%, 0, 0, 16, 283.65, 350674, 385, 0, 0
1188, 2, 194, 241, 25, 0, 13.29%, 0, 0, 16, 283.54, 352166, 385, 0, 0
1194, 2, 223, 241, 24, 0, 13.29%, 0, 0, 16, 287.79, 353634, 385, 0, 0
1199, 2, 45, 241, 24, 0, 13.29%, 0, 0, 16, 303.63, 355215, 385, 0, 0
1204, 2, 12, 241, 24, 0, 13.29%, 0, 0, 16, 312.45, 356798, 385, 0, 0
1209, 2, 240, 241, 24, 0, 13.29%, 0, 0, 16, 307.55, 358390, 385, 0, 0
1214, 2, 213, 241, 23, 0, 13.29%, 0, 0, 16, 295.25, 359849, 385, 0, 0
1219, 2, 189, 241, 22, 0, 13.29%, 0, 0, 16, 294.49, 361309, 385, 0, 0
1224, 2, 155, 242, 23, 0, 13.29%, 0, 0, 16, 298.62, 362826, 385, 0, 0
1230, 2, 241, 242, 23, 0, 13.29%, 0, 0, 16, 301.27, 364598, 385, 0, 0
1235, 3, 236, 242, 22, 0, 13.29%, 0, 0, 16, 301.78, 366107, 385, 0, 0
1240, 3, 22, 242, 21, 0, 13.29%, 0, 0, 16, 297.28, 367619, 385, 0, 0
1245, 3, 196, 242, 21, 0, 13.29%, 0, 0, 16, 290.09, 369074, 385, 0, 0
1250, 3, 203, 242, 20, 0, 13.29%, 0, 0, 16, 291.64, 370524, 385, 0, 0
1257, 3, 203, 242, 20, 0, 13.29%, 0, 0, 16, 281.58, 372220, 385, 0, 0
1262, 3, 239, 242, 19, 0, 13.29%, 0, 0, 16, 284.85, 373635, 385, 0, 0
1268, 3, 239, 242, 19, 0, 13.29%, 0, 0, 16, 283.35, 375248, 385, 0, 0
1273, 3, 171, 242, 18, 0, 13.29%, 0, 0, 16, 290.18, 376677, 385, 0, 0
1278, 3, 198, 242, 17, 0, 13.29%, 0, 0, 16, 278.00, 378107, 385, 0, 0
1283, 3, 136, 242, 16, 0, 13.29%, 0, 0, 16, 290.60, 379593, 385, 0, 0
1288, 3, 182, 242, 16, 0, 13.29%, 0, 0, 16, 296.66, 381133, 385, 0, 0
1293, 3, 36, 242, 15, 0, 13.29%, 0, 0, 16, 302.61, 382676, 385, 0, 0
1298, 3, 183, 242, 15, 0, 13.29%, 0, 0, 16, 293.64, 384134, 385, 0, 0
1303, 3, 237, 242, 15, 0, 13.29%, 0, 0, 16, 296.18, 385679, 385, 0, 0
1309, 3, 12, 242, 14, 0, 13.29%, 0, 0, 16, 287.15, 387071, 385, 0, 0
1314, 3, 137, 242, 14, 0, 13.29%, 0, 0, 16, 295.11, 388561, 385, 0, 0
1319, 3, 95, 242, 14, 0, 13.29%, 0, 0, 16, 294.86, 390096, 385, 0, 0
1324, 3, 39, 242, 12, 0, 13.29%, 0, 0, 16, 294.01, 391616, 385, 0, 0
1329, 3, 232, 243, 13, 0, 13.29%, 0, 0, 16, 251.23, 392898, 385, 0, 0
1334, 3, 242, 243, 13, 0, 13.29%, 0, 0, 16, 274.67, 394338, 385, 0, 0
1339, 3, 242, 243, 13, 0, 13.29%, 0, 0, 16, 233.22, 395398, 385, 0, 0
1344, 3, 242, 243, 13, 0, 13.29%, 0, 0, 16, 225.44, 396511, 385, 0, 0
1350, 3, 208, 243, 12, 0, 13.29%, 0, 0, 16, 274.46, 397966, 385, 0, 0
1355, 3, 208, 243, 12, 0, 13.29%, 0, 0, 16, 282.08, 399421, 385, 0, 0
1360, 3, 199, 243, 11, 0, 13.29%, 0, 0, 16, 276.80, 400819, 385, 0, 0
1366, 3, 199, 243, 11, 0, 13.29%, 0, 0, 16, 281.79, 402409, 385, 0, 0
1371, 3, 73, 243, 10, 0, 13.29%, 0, 0, 16, 294.30, 403884, 385, 0, 0
1377, 3, 216, 243, 10, 0, 13.29%, 0, 0, 16, 300.09, 405911, 385, 0, 0
1383, 3, 5, 243, 8, 0, 13.29%, 0, 0, 16, 298.36, 407439, 385, 0, 0
1388, 3, 226, 243, 8, 0, 13.29%, 0, 0, 16, 283.72, 408914, 385, 0, 0
1393, 3, 164, 243, 8, 0, 13.29%, 0, 0, 16, 303.91, 410512, 385, 0, 0
1398, 3, 163, 243, 8, 0, 13.29%, 0, 0, 16, 302.91, 412022, 385, 0, 0
1403, 3, 189, 243, 7, 0, 13.29%, 0, 0, 16, 304.52, 413594, 385, 0, 0
1408, 3, 19, 243, 7, 0, 13.29%, 0, 0, 16, 303.35, 415118, 385, 0, 0
1413, 3, 12, 243, 7, 0, 13.29%, 0, 0, 16, 300.70, 416614, 385, 0, 0
1418, 3, 154, 243, 7, 0, 13.29%, 0, 0, 16, 302.51, 418125, 385, 0, 0
1423, 3, 174, 243, 7, 0, 13.29%, 0, 0, 16, 302.72, 419660, 385, 0, 0
1429, 3, 139, 243, 7, 0, 13.29%, 0, 0, 16, 299.20, 421190, 385, 0, 0
1434, 4, 192, 243, 7, 0, 13.29%, 0, 0, 16, 301.72, 422713, 385, 0, 0
1439, 4, 221, 243, 7, 0, 13.29%, 0, 0, 16, 303.55, 424247, 385, 0, 0
1444, 4, 218, 243, 5, 0, 13.29%, 0, 0, 16, 302.30, 425817, 385, 0, 0
1449, 4, 156, 243, 5, 0, 13.29%, 0, 0, 16, 296.20, 427284, 385, 0, 0
1454, 4, 36, 243, 5, 0, 13.29%, 0, 0, 16, 296.33, 428819, 385, 0, 0
1459, 4, 143, 243, 5, 0, 13.29%, 0, 0, 16, 299.85, 430334, 385, 0, 0
1464, 4, 36, 243, 5, 0, 13.29%, 0, 0, 16, 302.66, 431859, 385, 0, 0
1469, 4, 157, 243, 5, 0, 13.29%, 0, 0, 16, 286.47, 433314, 385, 0, 0
1474, 4, 22, 243, 4, 0, 13.29%, 0, 0, 16, 296.62, 434803, 385, 0, 0
1479, 4, 226, 243, 4, 0, 13.29%, 0, 0, 16, 293.54, 436298, 385, 0, 0
1485, 4, 219, 243, 4, 0, 13.29%, 0, 0, 16, 287.64, 437788, 385, 0, 0
1490, 4, 46, 243, 4, 0, 13.29%, 0, 0, 16, 300.03, 439343, 385, 0, 0
1495, 4, 223, 243, 3, 0, 13.29%, 0, 0, 16, 292.73, 440827, 385, 0, 0
1500, 4, 189, 243, 3, 0, 13.29%, 0, 0, 16, 298.88, 442372, 385, 0, 0
1505, 4, 36, 243, 2, 0, 13.29%, 0, 0, 16, 277.79, 443806, 385, 0, 0
1510, 4, 153, 243, 2, 0, 13.29%, 0, 0, 16, 290.28, 445341, 385, 0, 0
1515, 4, 47, 243, 2, 0, 13.29%, 0, 0, 16, 292.66, 446806, 385, 0, 0
1520, 4, 189, 243, 2, 0, 13.29%, 0, 0, 16, 297.53, 448356, 385, 0, 0
1526, 4, 238, 243, 2, 0, 13.29%, 0, 0, 16, 304.53, 449939, 385, 0, 0
1531, 4, 123, 243, 1, 0, 13.29%, 0, 0, 16, 306.70, 451440, 385, 0, 0
1536, 4, 145, 243, 1, 0, 13.29%, 0, 0, 16, 316.66, 453123, 385, 0, 0
1541, 4, 228, 243, 1, 0, 13.29%, 0, 0, 16, 303.23, 454677, 385, 0, 0
1546, 4, 228, 244, 2, 0, 13.29%, 0, 0, 16, 298.42, 456121, 385, 0, 0
1553, 4, 243, 244, 1, 0, 13.29%, 0, 0, 16, 301.47, 458142, 385, 0, 0
1558, 4, 59, 244, 0, 0, 13.29%, 0, 0, 16, 301.67, 459697, 385, 0, 0
1563, 4, 187, 244, 0, 0, 13.29%, 0, 0, 16, 305.74, 461235, 385, 0, 0
1568, 4, 12, 244, 0, 0, 13.29%, 0, 0, 16, 311.03, 462795, 385, 0, 0
1573, 4, 129, 244, 0, 0, 13.29%, 0, 0, 16, 304.09, 464324, 385, 0, 0
1578, 5, 172, 244, 0, 0, 13.29%, 0, 0, 16, 297.20, 465862, 385, 0, 0
1583, 5, 39, 244, 0, 0, 13.29%, 0, 0, 16, 298.90, 467407, 385, 0, 0
1588, 5, 65, 244, 0, 0, 13.29%, 0, 0, 16, 295.20, 468872, 385, 0, 0
1594, 5, 134, 244, 0, 0, 13.29%, 0, 0, 16, 295.11, 470397, 385, 0, 0
1599, 5, 79, 244, 0, 0, 13.29%, 0, 0, 16, 307.31, 472007, 385, 0, 0
1604, 5, 162, 244, 0, 0, 13.29%, 0, 0, 16, 299.43, 473562, 385, 0, 0
1609, 5, 65, 244, 0, 0, 13.29%, 0, 0, 16, 282.21, 475017, 385, 0, 0
1614, 5, 22, 244, 0, 0, 13.29%, 0, 0, 16, 304.92, 476617, 385, 0, 0
1619, 5, 7, 244, 0, 0, 13.29%, 0, 0, 16, 303.41, 478148, 385, 0, 0
1624, 5, 189, 244, 0, 0, 13.29%, 0, 0, 16, 283.46, 479557, 385, 0, 0
1630, 5, 47, 244, 0, 0, 13.29%, 0, 0, 16, 301.51, 481121, 385, 0, 0
1635, 5, 222, 244, 0, 0, 13.29%, 0, 0, 16, 296.49, 482617, 385, 0, 0
1640, 5, 19, 244, 0, 0, 13.29%, 0, 0, 16, 297.15, 484097, 385, 0, 0
1645, 5, 39, 244, 0, 0, 13.29%, 0, 0, 16, 300.91, 485614, 385, 0, 0
1650, 5, 98, 244, 0, 0, 13.29%, 0, 0, 16, 299.26, 487077, 385, 0, 0
1655, 5, 198, 244, 0, 0, 13.29%, 0, 0, 16, 297.08, 488582, 385, 0, 0
1660, 5, 19, 244, 0, 0, 13.29%, 0, 0, 16, 288.02, 489997, 385, 0, 0
1665, 5, 46, 244, 0, 0, 13.29%, 0, 0, 16, 290.89, 491512, 385, 0, 0
1670, 5, 102, 244, 0, 0, 13.29%, 0, 0, 16, 294.79, 493007, 385, 0, 0
1675, 5, 35, 244, 0, 0, 13.29%, 0, 0, 16, 316.28, 494601, 385, 0, 0
1680, 5, 36, 244, 0, 0, 13.29%, 0, 0, 16, 297.83, 496082, 385, 0, 0
1685, 5, 90, 244, 0, 0, 13.29%, 0, 0, 16, 306.83, 497637, 385, 0, 0
1690, 5, 189, 244, 0, 0, 13.29%, 0, 0, 16, 304.95, 499189, 385, 0, 0
1695, 6, 189, 244, 0, 0, 13.29%, 0, 0, 16, 310.68, 500760, 385, 0, 0
1700, 6, 229, 244, 0, 0, 13.29%, 0, 0, 16, 295.58, 502245, 385, 0, 0
1705, 6, 187, 244, 0, 0, 13.29%, 0, 0, 16, 278.84, 503677, 385, 0, 0
1711, 6, 200, 244, 0, 0, 13.29%, 0, 0, 16, 295.16, 505216, 385, 0, 0
1716, 6, 100, 244, 0, 0, 13.29%, 0, 0, 16, 298.12, 506762, 385, 0, 0
1721, 6, 238, 244, 0, 0, 13.29%, 0, 0, 16, 294.11, 508237, 385, 0, 0
1726, 6, 63, 244, 0, 0, 13.29%, 0, 0, 16, 285.98, 509682, 385, 0, 0
1731, 6, 36, 244, 0, 0, 13.29%, 0, 0, 16, 286.12, 511112, 385, 0, 0
1736, 6, 180, 244, 0, 0, 13.29%, 0, 0, 16, 280.86, 512532, 385, 0, 0
1741, 6, 47, 244, 0, 0, 13.29%, 0, 0, 16, 299.14, 514107, 385, 0, 0
1746, 6, 65, 244, 0, 0, 13.29%, 0, 0, 16, 302.66, 515695, 385, 0, 0
1751, 6, 174, 244, 0, 0, 13.29%, 0, 0, 16, 302.46, 517204, 385, 0, 0
1757, 6, 224, 244, 0, 0, 13.29%, 0, 0, 16, 284.17, 518627, 385, 0, 0
1762, 6, 156, 244, 0, 0, 13.29%, 0, 0, 16, 301.64, 520164, 385, 0, 0
1767, 6, 7, 244, 0, 0, 13.29%, 0, 0, 16, 305.14, 521766, 385, 0, 0
1772, 6, 136, 244, 0, 0, 13.29%, 0, 0, 16, 288.07, 523192, 385, 0, 0
1777, 6, 22, 244, 0, 0, 13.29%, 0, 0, 16, 303.31, 524771, 385, 0, 0
1782, 6, 56, 244, 0, 0, 13.29%, 0, 0, 16, 296.26, 526277, 385, 0, 0
1787, 6, 12, 244, 0, 0, 13.29%, 0, 0, 16, 295.85, 527812, 385, 0, 0
1792, 6, 39, 244, 0, 0, 13.29%, 0, 0, 16, 297.27, 529372, 385, 0, 0
1797, 6, 51, 244, 0, 0, 13.29%, 0, 0, 16, 291.77, 530842, 385, 0, 0
1802, 6, 159, 244, 0, 0, 13.29%, 0, 0, 16, 270.39, 532202, 385, 0, 0
1808, 6, 223, 244, 0, 0, 13.29%, 0, 0, 16, 288.51, 533712, 385, 0, 0
1813, 6, 157, 244, 0, 0, 13.29%, 0, 0, 16, 282.80, 535102, 385, 0, 0
1818, 6, 189, 244, 0, 0, 13.29%, 0, 0, 16, 292.30, 536632, 385, 0, 0
1823, 7, 12, 244, 0, 0, 13.29%, 0, 0, 16, 293.97, 538157, 385, 0, 0
1828, 7, 99, 244, 0, 0, 13.29%, 0, 0, 16, 297.97, 539682, 385, 0, 0
1833, 7, 163, 244, 0, 0, 13.29%, 0, 0, 16, 299.76, 541202, 385, 0, 0
1838, 7, 35, 244, 0, 0, 13.29%, 0, 0, 16, 301.49, 542734, 385, 0, 0
1843, 7, 12, 244, 0, 0, 13.29%, 0, 0, 16, 304.56, 544259, 385, 0, 0
1848, 7, 36, 244, 0, 0, 13.29%, 0, 0, 16, 288.67, 545677, 385, 0, 0
1854, 7, 12, 244, 0, 0, 13.29%, 0, 0, 16, 298.16, 547232, 385, 0, 0
1859, 7, 163, 244, 0, 0, 13.29%, 0, 0, 16, 303.60, 548772, 385, 0, 0
1864, 7, 22, 244, 0, 0, 13.29%, 0, 0, 16, 287.24, 550207, 385, 0, 0
1869, 7, 123, 244, 0, 0, 13.29%, 0, 0, 16, 293.80, 551687, 385, 0, 0
1874, 7, 95, 244, 0, 0, 13.29%, 0, 0, 16, 293.42, 553217, 385, 0, 0
1879, 7, 77, 244, 0, 0, 13.29%, 0, 0, 16, 299.12, 554722, 385, 0, 0
1884, 7, 19, 244, 0, 0, 13.29%, 0, 0, 16, 289.32, 556217, 385, 0, 0
1889, 7, 146, 244, 0, 0, 13.29%, 0, 0, 16, 287.66, 557717, 385, 0, 0
1895, 7, 141, 244, 0, 0, 13.29%, 0, 0, 16, 300.98, 559285, 385, 0, 0
1900, 7, 189, 244, 0, 0, 13.29%, 0, 0, 16, 294.01, 560802, 385, 0, 0
1905, 7, 135, 244, 0, 0, 13.29%, 0, 0, 16, 296.12, 562287, 385, 0, 0
1910, 7, 237, 244, 0, 0, 13.29%, 0, 0, 16, 289.27, 563807, 385, 0, 0
1915, 7, 84, 244, 0, 0, 13.29%, 0, 0, 16, 298.80, 565357, 385, 0, 0
1920, 7, 178, 244, 0, 0, 13.29%, 0, 0, 16, 293.11, 566892, 385, 0, 0
1925, 7, 213, 244, 0, 0, 13.29%, 0, 0, 16, 294.09, 568352, 385, 0, 0
1931, 7, 96, 244, 0, 0, 13.29%, 0, 0, 16, 291.28, 569857, 385, 0, 0
1936, 7, 137, 244, 0, 0, 13.29%, 0, 0, 16, 288.23, 571332, 385, 0, 0
1941, 7, 154, 244, 0, 0, 13.29%, 0, 0, 16, 288.18, 572822, 385, 0, 0
1946, 8, 152, 244, 0, 0, 13.29%, 0, 0, 16, 288.86, 574332, 385, 0, 0
1951, 8, 83, 244, 0, 0, 13.29%, 0, 0, 16, 292.34, 575797, 385, 0, 0
1956, 8, 222, 244, 0, 0, 13.29%, 0, 0, 16, 289.53, 577287, 385, 0, 0
1961, 8, 19, 244, 0, 0, 13.29%, 0, 0, 16, 288.96, 578737, 385, 0, 0
1966, 8, 200, 244, 0, 0, 13.29%, 0, 0, 16, 274.44, 580097, 385, 0, 0
1971, 8, 61, 244, 0, 0, 13.29%, 0, 0, 16, 275.23, 581487, 385, 0, 0
1976, 8, 47, 244, 0, 0, 13.29%, 0, 0, 16, 256.08, 582782, 385, 0, 0
1981, 8, 189, 244, 0, 0, 13.29%, 0, 0, 16, 263.92, 584127, 385, 0, 0
1987, 8, 22, 244, 0, 0, 13.29%, 0, 0, 16, 275.54, 585567, 385, 0, 0
1992, 8, 140, 244, 0, 0, 13.29%, 0, 0, 16, 279.23, 587027, 385, 0, 0
1997, 8, 177, 244, 0, 0, 13.29%, 0, 0, 16, 286.65, 588512, 385, 0, 0
2002, 8, 218, 244, 0, 0, 13.29%, 0, 0, 16, 291.03, 590032, 385, 0, 0
2007, 8, 22, 244, 0, 0, 13.29%, 0, 0, 16, 288.01, 591502, 385, 0, 0
2013, 8, 80, 244, 0, 0, 13.29%, 0, 0, 16, 300.50, 593067, 385, 0, 0
2018, 8, 46, 244, 0, 0, 13.29%, 0, 0, 16, 302.10, 594638, 385, 0, 0
2023, 8, 145, 244, 0, 0, 13.29%, 0, 0, 16, 283.70, 596047, 385, 0, 0
2028, 8, 120, 244, 0, 0, 13.29%, 0, 0, 16, 274.16, 597467, 385, 0, 0
2033, 8, 179, 244, 0, 0, 13.29%, 0, 0, 16, 291.02, 598942, 385, 0, 0
2038, 8, 89, 244, 0, 0, 13.29%, 0, 0, 16, 285.81, 600372, 385, 0, 0
2043, 8, 189, 244, 0, 0, 13.29%, 0, 0, 16, 290.07, 601867, 385, 0, 0
2048, 8, 189, 244, 0, 0, 13.29%, 0, 0, 16, 286.66, 603357, 385, 0, 0
2054, 8, 233, 244, 0, 0, 13.29%, 0, 0, 16, 306.36, 604963, 385, 0, 0
2059, 8, 109, 244, 0, 0, 13.29%, 0, 0, 16, 295.54, 606432, 385, 0, 0
2064, 8, 154, 244, 0, 0, 13.29%, 0, 0, 16, 284.83, 607852, 385, 0, 0
2069, 8, 35, 244, 0, 0, 13.29%, 0, 0, 16, 282.45, 609257, 385, 0, 0
2074, 8, 230, 244, 0, 0, 13.29%, 0, 0, 16, 289.94, 610772, 385, 0, 0
2079, 9, 73, 244, 0, 0, 13.29%, 0, 0, 16, 292.00, 612222, 385, 0, 0
2084, 9, 235, 244, 0, 0, 13.29%, 0, 0, 16, 264.59, 613582, 385, 0, 0
2089, 9, 174, 244, 0, 0, 13.29%, 0, 0, 16, 269.49, 614902, 385, 0, 0
2094, 9, 218, 244, 0, 0, 13.29%, 0, 0, 16, 285.19, 616352, 385, 0, 0
2099, 9, 242, 246, 2, 0, 13.29%, 0, 0, 16, 219.62, 617394, 385, 0, 0
2104, 9, 244, 246, 2, 0, 13.29%, 0, 0, 16, 227.58, 618647, 385, 0, 0
2109, 9, 244, 246, 2, 0, 13.29%, 0, 0, 16, 244.51, 619815, 385, 0, 0
2114, 9, 244, 246, 2, 0, 13.29%, 0, 0, 16, 215.54, 620811, 385, 0, 0
2119, 9, 244, 246, 1, 0, 13.29%, 0, 0, 16, 233.05, 622037, 385, 0, 0
2124, 9, 7, 246, 1, 0, 13.29%, 0, 0, 16, 244.24, 623197, 385, 0, 0
2129, 9, 245, 246, 1, 0, 13.29%, 0, 0, 16, 206.17, 624258, 385, 0, 0
2135, 9, 245, 246, 1, 0, 13.29%, 0, 0, 16, 239.75, 625511, 385, 0, 0
2140, 9, 189, 246, 0, 0, 13.29%, 0, 0, 16, 216.00, 626535, 385, 0, 0
2145, 9, 173, 246, 0, 0, 13.29%, 0, 0, 16, 255.46, 627916, 385, 0, 0
2150, 9, 19, 246, 0, 0, 13.29%, 0, 0, 16, 273.86, 629351, 385, 0, 0
2155, 9, 123, 246, 0, 0, 13.29%, 0, 0, 16, 291.19, 630821, 385, 0, 0
2160, 9, 189, 246, 0, 0, 13.29%, 0, 0, 16, 277.57, 632276, 385, 0, 0
2165, 9, 189, 246, 0, 0, 13.29%, 0, 0, 16, 290.69, 633746, 385, 0, 0
2171, 9, 19, 246, 0, 0, 13.29%, 0, 0, 16, 295.26, 635261, 385, 0, 0
2176, 9, 162, 246, 0, 0, 13.29%, 0, 0, 16, 286.88, 636656, 385, 0, 0
2181, 9, 189, 246, 0, 0, 13.29%, 0, 0, 16, 283.09, 638071, 385, 0, 0
2186, 9, 137, 246, 0, 0, 13.29%, 0, 0, 16, 293.69, 639536, 385, 0, 0
2191, 9, 189, 246, 0, 0, 13.29%, 0, 0, 16, 263.73, 640841, 385, 0, 0
2196, 9, 57, 246, 0, 0, 13.29%, 0, 0, 16, 271.93, 642236, 385, 0, 0
2201, 9, 220, 246, 0, 0, 13.29%, 0, 0, 16, 290.04, 643761, 385, 0, 0
2206, 9, 154, 246, 0, 0, 13.29%, 0, 0, 16, 282.30, 645151, 385, 0, 0
2211, 9, 22, 246, 0, 0, 13.29%, 0, 0, 16, 294.49, 646635, 385, 0, 0
2216, 9, 12, 246, 0, 0, 13.29%, 0, 0, 16, 277.56, 647981, 385, 0, 0
2221, 9, 99, 246, 0, 0, 13.29%, 0, 0, 16, 245.84, 649243, 385, 0, 0
2226, 9, 101, 246, 0, 0, 13.29%, 0, 0, 16, 280.88, 650706, 385, 0, 0
2231, 9, 166, 246, 0, 0, 13.29%, 0, 0, 16, 292.27, 652211, 385, 0, 0
2236, 9, 172, 246, 0, 0, 13.29%, 0, 0, 16, 292.89, 653696, 385, 0, 0
2241, 9, 157, 246, 0, 0, 13.29%, 0, 0, 16, 261.55, 654936, 385, 0, 0
2246, 9, 65, 246, 0, 0, 13.29%, 0, 0, 16, 273.39, 656321, 385, 0, 0
2252, 10, 39, 246, 0, 0, 13.29%, 0, 0, 16, 295.78, 657876, 385, 0, 0
2257, 10, 241, 246, 0, 0, 13.29%, 0, 0, 16, 296.05, 659341, 385, 0, 0
2262, 10, 184, 246, 0, 0, 13.29%, 0, 0, 16, 292.32, 660846, 385, 0, 0
2267, 10, 219, 246, 0, 0, 13.29%, 0, 0, 16, 295.39, 662386, 385, 0, 0
2272, 10, 95, 246, 0, 0, 13.29%, 0, 0, 16, 285.65, 663801, 385, 0, 0
2277, 10, 158, 246, 0, 0, 13.29%, 0, 0, 16, 294.32, 665291, 385, 0, 0
2282, 10, 19, 246, 0, 0, 13.29%, 0, 0, 16, 296.33, 666771, 385, 0, 0
2287, 10, 154, 246, 0, 0, 13.29%, 0, 0, 16, 292.26, 668276, 385, 0, 0
2292, 10, 39, 246, 0, 0, 13.29%, 0, 0, 16, 260.65, 669576, 385, 0, 0
2297, 10, 56, 246, 0, 0, 13.29%, 0, 0, 16, 281.06, 670996, 385, 0, 0
2302, 10, 109, 246, 0, 0, 13.29%, 0, 0, 16, 267.29, 672321, 385, 0, 0
2307, 10, 117, 246, 0, 0, 13.29%, 0, 0, 16, 290.75, 673801, 385, 0, 0
2312, 10, 189, 246, 0, 0, 13.29%, 0, 0, 16, 280.49, 675196, 385, 0, 0
2317, 10, 36, 246, 0, 0, 13.29%, 0, 0, 16, 283.94, 676596, 385, 0, 0
2323, 10, 120, 246, 0, 0, 13.29%, 0, 0, 16, 289.25, 678121, 385, 0, 0
2328, 10, 189, 246, 0, 0, 13.29%, 0, 0, 16, 274.77, 679501, 385, 0, 0
2333, 10, 217, 246, 0, 0, 13.29%, 0, 0, 16, 281.73, 680906, 385, 0, 0
2338, 10, 52, 246, 0, 0, 13.29%, 0, 0, 16, 284.72, 682326, 385, 0, 0
2343, 10, 47, 246, 0, 0, 13.29%, 0, 0, 16, 280.82, 683741, 385, 0, 0
2348, 10, 46, 246, 0, 0, 13.29%, 0, 0, 16, 280.48, 685206, 385, 0, 0
2353, 10, 99, 246, 0, 0, 13.29%, 0, 0, 16, 266.63, 686501, 385, 0, 0
2358, 10, 243, 246, 0, 0, 13.29%, 0, 0, 16, 275.30, 687951, 385, 0, 0
2363, 10, 146, 246, 0, 0, 13.29%, 0, 0, 16, 272.09, 689316, 385, 0, 0
2368, 10, 189, 246, 0, 0, 13.29%, 0, 0, 16, 269.11, 690756, 385, 0, 0
2374, 10, 39, 246, 0, 0, 13.29%, 0, 0, 16, 247.53, 691998, 385, 0, 0
2379, 10, 46, 246, 0, 0, 13.29%, 0, 0, 16, 265.51, 693351, 385, 0, 0
2384, 11, 19, 246, 0, 0, 13.29%, 0, 0, 16, 256.92, 694681, 385, 0, 0
2389, 11, 171, 246, 0, 0, 13.29%, 0, 0, 16, 238.07, 695941, 385, 0, 0
2394, 11, 47, 246, 0, 0, 13.29%, 0, 0, 16, 246.42, 697218, 385, 0, 0
2399, 11, 47, 246, 0, 0, 13.29%, 0, 0, 16, 256.43, 698496, 385, 0, 0
2400, 11, 22, 246, 0, 0, 13.29%, 0, 0, 16, 257.61, 698591, 385, 0, 0
