# relative_time, cycles_done, cur_item, corpus_count, pending_total, pending_favs, map_size, saved_crashes, saved_hangs, max_depth, execs_per_sec, total_execs, edges_found, total_crashes, servers_count
61, 8, 524, 600, 1, 0, 42.74%, 0, 0, 21, 37957.62, 1372520, 462, 0, 0
66, 8, 580, 603, 3, 0, 42.74%, 0, 0, 21, 3657.66, 1471487, 462, 0, 0
72, 9, 524, 609, 4, 0, 42.74%, 0, 0, 21, 29568.64, 1599137, 462, 0, 0
77, 9, 524, 619, 1, 0, 42.74%, 0, 0, 22, 54935.81, 1731235, 462, 0, 0
82, 10, 472, 620, 1, 0, 42.74%, 0, 0, 22, 19008.92, 1843046, 462, 0, 0
87, 10, 383, 624, 1, 0, 42.74%, 0, 0, 22, 27564.05, 1984627, 462, 0, 0
92, 11, 524, 626, 0, 0, 42.74%, 0, 0, 22, 51512.49, 2112019, 462, 0, 0
97, 11, 389, 627, 0, 0, 42.74%, 0, 0, 22, 20098.68, 2244639, 462, 0, 0
102, 12, 472, 628, 0, 0, 42.74%, 0, 0, 22, 14486.78, 2355708, 462, 0, 0
108, 12, 524, 630, 1, 0, 42.74%, 0, 0, 22, 13530.60, 2457773, 462, 0, 0
113, 13, 580, 630, 0, 0, 42.74%, 0, 0, 22, 28050.23, 2557863, 462, 0, 0
118, 13, 580, 632, 2, 0, 42.74%, 0, 0, 22, 25568.70, 2671872, 462, 0, 0
123, 14, 558, 633, 1, 0, 42.74%, 0, 0, 22, 38686.77, 2819808, 462, 0, 0
128, 14, 580, 634, 0, 0, 42.74%, 0, 0, 22, 2664.36, 2948330, 462, 0, 0
133, 14, 635, 636, 1, 0, 42.74%, 0, 0, 22, 19261.51, 3033678, 462, 0, 0
138, 15, 472, 638, 0, 0, 42.74%, 0, 0, 22, 7390.16, 3130282, 462, 0, 0
144, 15, 524, 638, 0, 0, 42.74%, 0, 0, 22, 12176.78, 3274973, 462, 0, 0
149, 16, 539, 638, 0, 0, 42.74%, 0, 0, 22, 16189.57, 3388226, 462, 0, 0
154, 16, 535, 638, 0, 0, 42.74%, 0, 0, 22, 25121.02, 3521890, 462, 0, 0
159, 17, 580, 638, 0, 0, 42.74%, 0, 0, 22, 76.92, 3645365, 462, 0, 0
164, 17, 469, 638, 0, 0, 42.74%, 0, 0, 22, 59253.29, 3768147, 462, 0, 0
169, 18, 566, 638, 0, 0, 42.74%, 0, 0, 22, 38026.12, 3897186, 462, 0, 0
175, 19, 580, 638, 0, 0, 42.74%, 0, 0, 22, 8818.55, 4039293, 462, 0, 0
180, 19, 526, 638, 0, 0, 42.74%, 0, 0, 22, 37264.76, 4138215, 462, 0, 0
185, 19, 580, 639, 0, 0, 42.74%, 0, 0, 22, 18302.83, 4230336, 462, 0, 0
190, 20, 464, 639, 0, 0, 42.74%, 0, 0, 22, 7755.80, 4373499, 462, 0, 0
195, 20, 580, 642, 0, 0, 42.74%, 0, 0, 22, 8173.54, 4510389, 462, 0, 0
201, 21, 472, 642, 0, 0, 42.74%, 0, 0, 22, 1595.74, 4654957, 462, 0, 0
206, 21, 580, 642, 0, 0, 42.74%, 0, 0, 22, 10562.44, 4769470, 462, 0, 0
211, 22, 131, 643, 1, 0, 42.74%, 0, 0, 22, 23449.56, 4904278, 462, 0, 0
216, 23, 580, 643, 0, 0, 42.74%, 0, 0, 22, 50444.45, 5028273, 462, 0, 0
221, 23, 524, 644, 0, 0, 42.74%, 0, 0, 22, 19022.97, 5153155, 462, 0, 0
226, 23, 469, 648, 1, 0, 42.74%, 0, 0, 22, 39620.41, 5291859, 462, 0, 0
231, 24, 71, 649, 0, 0, 42.74%, 0, 0, 22, 30509.06, 5417595, 462, 0, 0
237, 25, 472, 649, 0, 0, 42.74%, 0, 0, 22, 29597.69, 5580113, 462, 0, 0
242, 25, 388, 649, 0, 0, 42.74%, 0, 0, 22, 24091.69, 5685868, 462, 0, 0
247, 26, 580, 650, 1, 0, 42.74%, 0, 0, 22, 28189.18, 5813276, 462, 0, 0
252, 26, 651, 654, 2, 0, 42.74%, 0, 0, 24, 8569.17, 5956440, 462, 0, 0
257, 26, 473, 655, 2, 0, 42.74%, 0, 0, 24, 34746.88, 6070613, 462, 0, 0
262, 27, 524, 657, 1, 0, 42.74%, 0, 0, 24, 18636.46, 6196503, 462, 0, 0
267, 27, 524, 657, 0, 0, 42.74%, 0, 0, 24, 35582.25, 6318635, 462, 0, 0
272, 28, 580, 657, 0, 0, 42.74%, 0, 0, 24, 20197.93, 6419447, 462, 0, 0
277, 28, 389, 658, 0, 0, 42.74%, 0, 0, 24, 55040.00, 6539080, 462, 0, 0
282, 29, 524, 659, 0, 0, 42.74%, 0, 0, 24, 13426.34, 6661101, 462, 0, 0
287, 29, 524, 660, 1, 0, 42.74%, 0, 0, 24, 23282.38, 6785094, 462, 0, 0
293, 30, 472, 660, 0, 0, 42.74%, 0, 0, 24, 31853.45, 6940631, 462, 0, 0
298, 30, 472, 661, 0, 0, 42.74%, 0, 0, 24, 46075.13, 7078911, 462, 0, 0
300, 30, 539, 661, 0, 0, 42.74%, 0, 0, 24, 21436.83, 7115222, 462, 0, 0
