# relative_time, cycles_done, cur_item, corpus_count, pending_total, pending_favs, map_size, saved_crashes, saved_hangs, max_depth, execs_per_sec, total_execs, edges_found, total_crashes, servers_count
60, 0, 42, 231, 226, 35, 0.64%, 0, 0, 3, 375.99, 22576, 420, 0, 0
66, 0, 42, 236, 231, 35, 0.64%, 0, 0, 3, 374.18, 24501, 421, 0, 0
71, 0, 42, 237, 232, 35, 0.64%, 0, 0, 3, 367.47, 26405, 421, 0, 0
76, 0, 42, 240, 235, 35, 0.64%, 0, 0, 3, 374.12, 28323, 421, 0, 0
81, 0, 146, 242, 235, 33, 0.64%, 0, 0, 3, 374.59, 30216, 421, 0, 0
86, 0, 179, 245, 233, 29, 0.65%, 0, 0, 4, 373.68, 32123, 423, 0, 0
91, 0, 68, 255, 239, 26, 0.66%, 0, 0, 4, 376.17, 34050, 434, 0, 0
96, 0, 68, 259, 243, 26, 0.67%, 0, 0, 4, 374.54, 35999, 441, 0, 0
102, 0, 68, 262, 246, 26, 0.67%, 0, 0, 4, 375.11, 37952, 442, 0, 0
107, 0, 68, 270, 254, 26, 0.68%, 0, 0, 4, 394.59, 39968, 443, 0, 0
112, 0, 68, 274, 258, 26, 0.68%, 0, 0, 4, 382.82, 41942, 445, 0, 0
117, 0, 68, 276, 260, 26, 0.68%, 0, 0, 4, 385.19, 43881, 445, 0, 0
122, 0, 68, 278, 262, 26, 0.68%, 0, 0, 4, 385.45, 45862, 445, 0, 0
127, 0, 135, 280, 260, 30, 0.68%, 0, 0, 4, 382.02, 47765, 445, 0, 0
132, 0, 129, 284, 260, 26, 0.68%, 0, 0, 4, 382.21, 49746, 447, 0, 0
138, 0, 129, 289, 265, 26, 0.68%, 0, 0, 4, 382.19, 51741, 448, 0, 0
143, 0, 129, 290, 266, 26, 0.68%, 0, 0, 4, 372.71, 53666, 448, 0, 0
148, 0, 129, 291, 267, 26, 0.68%, 0, 0, 4, 381.26, 55640, 448, 0, 0
153, 0, 129, 293, 269, 26, 0.69%, 0, 0, 4, 381.45, 57614, 449, 0, 0
158, 0, 129, 294, 270, 26, 0.69%, 0, 0, 4, 377.44, 59539, 449, 0, 0
163, 0, 129, 295, 271, 26, 0.69%, 0, 0, 4, 373.68, 61451, 449, 0, 0
168, 0, 276, 297, 268, 25, 0.69%, 0, 0, 4, 372.74, 63362, 450, 0, 0
173, 0, 262, 299, 264, 21, 0.70%, 0, 0, 4, 370.48, 65226, 456, 0, 0
178, 0, 262, 304, 269, 21, 0.70%, 0, 0, 4, 378.47, 67123, 457, 0, 0
184, 0, 262, 308, 273, 21, 0.70%, 0, 0, 4, 374.89, 69062, 458, 0, 0
189, 0, 262, 309, 274, 21, 0.70%, 0, 0, 4, 375.74, 71001, 458, 0, 0
194, 0, 262, 310, 275, 21, 0.70%, 0, 0, 4, 386.35, 72975, 458, 0, 0
199, 0, 262, 311, 276, 21, 0.70%, 0, 0, 4, 376.20, 74879, 458, 0, 0
204, 0, 262, 312, 277, 21, 0.70%, 0, 0, 4, 377.32, 76818, 460, 0, 0
209, 0, 225, 313, 275, 20, 0.70%, 0, 0, 4, 384.41, 78747, 460, 0, 0
215, 0, 249, 315, 272, 16, 0.70%, 0, 0, 5, 381.77, 80938, 460, 0, 0
220, 0, 255, 317, 269, 11, 0.70%, 0, 0, 5, 379.23, 82894, 460, 0, 0
225, 0, 294, 321, 268, 7, 0.70%, 0, 0, 5, 378.06, 84827, 460, 0, 0
230, 0, 302, 324, 266, 2, 0.70%, 0, 0, 5, 375.51, 86763, 460, 0, 0
236, 0, 150, 327, 266, 1, 0.70%, 0, 0, 6, 379.55, 88745, 460, 0, 0
241, 0, 328, 330, 265, 1, 0.70%, 0, 0, 6, 374.08, 90624, 460, 0, 0
246, 0, 260, 333, 265, 0, 0.70%, 0, 0, 6, 378.98, 92524, 460, 0, 0
251, 0, 221, 335, 265, 0, 0.70%, 0, 0, 7, 378.18, 94469, 460, 0, 0
256, 0, 328, 335, 262, 0, 0.70%, 0, 0, 7, 376.90, 96357, 460, 0, 0
261, 0, 320, 340, 266, 0, 0.70%, 0, 0, 7, 386.45, 98298, 460, 0, 0
266, 0, 322, 341, 264, 0, 0.70%, 0, 0, 7, 375.86, 100245, 460, 0, 0
271, 0, 341, 343, 265, 1, 0.70%, 0, 0, 7, 358.75, 102076, 460, 0, 0
276, 0, 259, 347, 265, 0, 0.70%, 0, 0, 7, 373.86, 103995, 460, 0, 0
281, 0, 259, 349, 267, 0, 0.70%, 0, 0, 7, 374.73, 105941, 460, 0, 0
287, 0, 259, 349, 267, 0, 0.70%, 0, 0, 7, 381.59, 107908, 460, 0, 0
292, 0, 221, 349, 266, 0, 0.70%, 0, 0, 7, 381.35, 109805, 460, 0, 0
297, 0, 340, 350, 263, 0, 0.70%, 0, 0, 7, 375.07, 111700, 460, 0, 0
302, 0, 344, 351, 259, 0, 0.70%, 0, 0, 7, 415.04, 113790, 460, 0, 0
307, 0, 340, 354, 258, 0, 0.71%, 0, 0, 7, 444.30, 116095, 463, 0, 0
312, 0, 355, 356, 254, 1, 0.71%, 0, 0, 7, 448.98, 118402, 463, 0, 0
317, 0, 290, 358, 254, 0, 0.71%, 0, 0, 7, 447.61, 120696, 463, 0, 0
322, 0, 296, 358, 248, 0, 0.71%, 0, 0, 7, 454.27, 123066, 463, 0, 0
327, 0, 33, 358, 246, 0, 0.71%, 0, 0, 7, 451.06, 125357, 463, 0, 0
333, 0, 345, 358, 243, 0, 0.71%, 0, 0, 7, 460.30, 127822, 463, 0, 0
338, 0, 358, 361, 241, 0, 0.71%, 0, 0, 7, 462.36, 130161, 463, 0, 0
343, 0, 243, 362, 240, 0, 0.71%, 0, 0, 7, 349.89, 132411, 463, 0, 0
348, 0, 349, 364, 241, 0, 0.71%, 0, 0, 7, 443.37, 134801, 463, 0, 0
353, 0, 135, 365, 236, 0, 0.71%, 0, 0, 7, 450.06, 137060, 463, 0, 0
358, 0, 295, 365, 233, 0, 0.71%, 0, 0, 7, 456.35, 139359, 463, 0, 0
363, 0, 135, 368, 233, 0, 0.71%, 0, 0, 7, 453.37, 141716, 463, 0, 0
368, 0, 368, 369, 231, 1, 0.71%, 0, 0, 7, 461.62, 144084, 463, 0, 0
373, 0, 337, 370, 226, 0, 0.71%, 0, 0, 7, 454.65, 146429, 463, 0, 0
378, 0, 311, 370, 220, 0, 0.71%, 0, 0, 7, 458.59, 148784, 463, 0, 0
384, 0, 368, 372, 218, 0, 0.71%, 0, 0, 7, 454.85, 151107, 463, 0, 0
389, 0, 226, 373, 215, 0, 0.71%, 0, 0, 7, 453.63, 153556, 463, 0, 0
394, 0, 364, 373, 210, 0, 0.71%, 0, 0, 7, 449.15, 155797, 463, 0, 0
399, 0, 159, 373, 207, 0, 0.71%, 0, 0, 7, 447.51, 158061, 463, 0, 0
404, 1, 151, 373, 201, 0, 0.71%, 0, 0, 7, 452.40, 160332, 463, 0, 0
409, 1, 333, 377, 198, 0, 0.71%, 0, 0, 8, 459.42, 162732, 463, 0, 0
414, 1, 376, 378, 192, 0, 0.71%, 0, 0, 9, 463.71, 165129, 463, 0, 0
420, 1, 365, 378, 184, 0, 0.71%, 0, 0, 9, 464.52, 167530, 463, 0, 0
425, 1, 218, 379, 175, 0, 0.71%, 0, 0, 9, 461.45, 169871, 463, 0, 0
430, 1, 231, 379, 167, 0, 0.71%, 0, 0, 9, 462.81, 172231, 463, 0, 0
435, 1, 370, 379, 162, 0, 0.71%, 0, 0, 9, 458.87, 174549, 463, 0, 0
440, 1, 160, 379, 156, 0, 0.71%, 0, 0, 9, 460.25, 176848, 463, 0, 0
445, 1, 305, 379, 150, 0, 0.71%, 0, 0, 9, 456.77, 179189, 463, 0, 0
450, 1, 366, 382, 148, 0, 0.71%, 0, 0, 9, 448.01, 181520, 463, 0, 0
455, 1, 174, 382, 144, 0, 0.71%, 0, 0, 9, 453.79, 183889, 463, 0, 0
461, 1, 264, 385, 143, 0, 0.71%, 0, 0, 9, 453.65, 186403, 463, 0, 0
466, 1, 102, 385, 139, 0, 0.71%, 0, 0, 9, 454.69, 188731, 463, 0, 0
471, 1, 266, 385, 133, 0, 0.71%, 0, 0, 9, 452.80, 191014, 463, 0, 0
476, 1, 50, 385, 127, 0, 0.71%, 0, 0, 9, 449.42, 193329, 463, 0, 0
481, 1, 322, 385, 120, 0, 0.71%, 0, 0, 9, 461.50, 195674, 463, 0, 0
486, 1, 209, 386, 118, 0, 0.71%, 0, 0, 9, 459.00, 198003, 463, 0, 0
492, 1, 374, 386, 111, 0, 0.71%, 0, 0, 9, 456.40, 200349, 463, 0, 0
497, 1, 219, 386, 106, 0, 0.71%, 0, 0, 9, 471.32, 202727, 463, 0, 0
502, 1, 364, 386, 103, 0, 0.71%, 0, 0, 9, 461.99, 205106, 463, 0, 0
507, 1, 355, 386, 97, 0, 0.71%, 0, 0, 9, 443.61, 207386, 463, 0, 0
512, 1, 384, 389, 97, 0, 0.71%, 0, 0, 9, 440.40, 209597, 463, 0, 0
517, 1, 384, 391, 99, 0, 0.71%, 0, 0, 9, 442.72, 211803, 463, 0, 0
522, 1, 384, 392, 100, 0, 0.71%, 0, 0, 9, 441.55, 214098, 463, 0, 0
527, 1, 384, 393, 101, 0, 0.71%, 0, 0, 9, 449.03, 216369, 463, 0, 0
532, 1, 384, 393, 101, 0, 0.71%, 0, 0, 9, 451.41, 218643, 463, 0, 0
537, 1, 384, 393, 101, 0, 0.71%, 0, 0, 9, 450.00, 220921, 463, 0, 0
542, 1, 243, 394, 100, 0, 0.71%, 0, 0, 9, 450.20, 223224, 463, 0, 0
547, 1, 379, 396, 100, 0, 0.71%, 0, 0, 9, 456.05, 225513, 463, 0, 0
553, 1, 210, 398, 100, 0, 0.71%, 0, 0, 9, 465.68, 227903, 463, 0, 0
558, 1, 397, 400, 100, 0, 0.71%, 0, 0, 9, 459.91, 230199, 463, 0, 0
563, 1, 402, 403, 100, 0, 0.71%, 0, 0, 9, 452.79, 232487, 463, 0, 0
568, 1, 239, 403, 97, 0, 0.71%, 0, 0, 9, 450.78, 234792, 463, 0, 0
573, 1, 331, 406, 96, 0, 0.71%, 0, 0, 9, 446.71, 237017, 463, 0, 0
578, 1, 403, 408, 95, 0, 0.71%, 0, 0, 9, 455.75, 239318, 463, 0, 0
584, 1, 407, 408, 93, 0, 0.71%, 0, 0, 9, 455.96, 241933, 463, 0, 0
589, 1, 405, 414, 97, 0, 0.71%, 0, 0, 9, 453.24, 244229, 463, 0, 0
594, 1, 405, 416, 99, 0, 0.71%, 0, 0, 9, 449.14, 246476, 463, 0, 0
599, 1, 405, 416, 99, 0, 0.71%, 0, 0, 9, 452.10, 248743, 463, 0, 0
604, 1, 405, 424, 107, 0, 0.71%, 0, 0, 9, 451.89, 251020, 463, 0, 0
609, 1, 405, 428, 111, 0, 0.71%, 0, 0, 9, 468.78, 253444, 463, 0, 0
614, 1, 392, 430, 111, 0, 0.71%, 0, 0, 9, 470.11, 255978, 463, 0, 0
619, 1, 412, 431, 109, 0, 0.71%, 0, 0, 9, 467.66, 258328, 463, 0, 0
624, 1, 322, 431, 106, 0, 0.71%, 0, 0, 9, 461.13, 260675, 463, 0, 0
630, 1, 423, 433, 107, 0, 0.71%, 0, 0, 9, 469.20, 263193, 463, 0, 0
635, 1, 396, 441, 114, 0, 0.71%, 0, 0, 9, 464.92, 265528, 463, 0, 0
640, 1, 396, 443, 116, 0, 0.71%, 0, 0, 9, 464.08, 267846, 463, 0, 0
645, 1, 396, 443, 116, 0, 0.71%, 0, 0, 9, 465.84, 270186, 463, 0, 0
650, 1, 396, 444, 117, 0, 0.71%, 0, 0, 9, 450.45, 272407, 463, 0, 0
655, 1, 396, 446, 119, 0, 0.71%, 0, 0, 9, 463.62, 274761, 463, 0, 0
660, 1, 396, 446, 119, 0, 0.71%, 0, 0, 9, 459.66, 277056, 463, 0, 0
665, 1, 348, 446, 116, 0, 0.71%, 0, 0, 9, 457.99, 279429, 463, 0, 0
670, 1, 403, 452, 121, 0, 0.71%, 0, 0, 10, 457.29, 281736, 463, 0, 0
675, 1, 403, 453, 122, 0, 0.71%, 0, 0, 10, 450.93, 283975, 463, 0, 0
680, 1, 403, 453, 122, 0, 0.71%, 0, 0, 10, 453.07, 286270, 463, 0, 0
685, 1, 403, 454, 123, 0, 0.71%, 0, 0, 10, 458.99, 288599, 463, 0, 0
690, 1, 399, 454, 123, 0, 0.71%, 0, 0, 10, 462.74, 290914, 463, 0, 0
695, 1, 432, 456, 122, 0, 0.71%, 0, 0, 10, 463.77, 293217, 463, 0, 0
701, 1, 308, 456, 120, 0, 0.71%, 0, 0, 10, 461.96, 295639, 463, 0, 0
706, 1, 441, 460, 122, 0, 0.71%, 0, 0, 10, 464.48, 298068, 463, 0, 0
711, 1, 441, 466, 128, 0, 0.71%, 0, 0, 10, 470.33, 300522, 463, 0, 0
716, 1, 441, 467, 129, 0, 0.71%, 0, 0, 10, 470.24, 302887, 463, 0, 0
721, 1, 441, 470, 132, 0, 0.71%, 0, 0, 10, 465.20, 305194, 463, 0, 0
726, 1, 441, 471, 133, 0, 0.71%, 0, 0, 10, 459.12, 307496, 463, 0, 0
731, 1, 441, 472, 134, 0, 0.71%, 0, 0, 10, 448.92, 309764, 463, 0, 0
737, 1, 467, 472, 133, 0, 0.71%, 0, 0, 10, 460.98, 312597, 463, 0, 0
742, 1, 468, 474, 134, 0, 0.71%, 0, 0, 10, 455.15, 315022, 463, 0, 0
748, 1, 445, 474, 130, 0, 0.71%, 0, 0, 10, 457.15, 317394, 463, 0, 0
753, 1, 379, 476, 129, 0, 0.71%, 0, 0, 10, 456.24, 319752, 463, 0, 0
758, 1, 469, 479, 131, 0, 0.71%, 0, 0, 10, 456.44, 322036, 463, 0, 0
763, 1, 193, 479, 129, 0, 0.71%, 0, 0, 10, 452.86, 324389, 463, 0, 0
768, 1, 478, 481, 129, 0, 0.71%, 0, 0, 10, 451.32, 326660, 463, 0, 0
773, 1, 479, 482, 129, 0, 0.71%, 0, 0, 10, 455.08, 328977, 463, 0, 0
778, 1, 417, 484, 127, 0, 0.71%, 0, 0, 10, 468.24, 331334, 463, 0, 0
783, 1, 379, 485, 122, 0, 0.71%, 0, 0, 10, 470.90, 333785, 463, 0, 0
788, 1, 400, 486, 120, 0, 0.71%, 0, 0, 10, 463.92, 336113, 463, 0, 0
793, 1, 380, 488, 119, 0, 0.71%, 0, 0, 10, 450.06, 338375, 463, 0, 0
799, 1, 456, 489, 118, 0, 0.71%, 0, 0, 10, 458.46, 340740, 463, 0, 0
804, 1, 477, 490, 116, 0, 0.71%, 0, 0, 10, 459.97, 343043, 463, 0, 0
809, 1, 415, 493, 116, 0, 0.71%, 0, 0, 10, 467.83, 345396, 463, 0, 0
814, 1, 415, 494, 117, 0, 0.71%, 0, 0, 10, 468.95, 347752, 463, 0, 0
819, 1, 411, 494, 116, 0, 0.71%, 0, 0, 10, 449.07, 350055, 463, 0, 0
824, 1, 464, 496, 116, 0, 0.71%, 0, 0, 10, 447.97, 352309, 463, 0, 0
829, 1, 463, 498, 116, 0, 0.71%, 0, 0, 10, 448.33, 354569, 463, 0, 0
834, 1, 461, 499, 115, 0, 0.71%, 0, 0, 11, 441.27, 356762, 463, 0, 0
839, 1, 355, 501, 114, 0, 0.71%, 0, 0, 11, 444.14, 359057, 463, 0, 0
844, 1, 483, 504, 116, 0, 0.71%, 0, 0, 11, 457.90, 361389, 463, 0, 0
849, 1, 481, 506, 116, 0, 0.71%, 0, 0, 11, 450.40, 363725, 463, 0, 0
854, 1, 105, 506, 112, 0, 0.71%, 0, 0, 11, 448.31, 365966, 463, 0, 0
860, 1, 465, 506, 111, 0, 0.71%, 0, 0, 11, 448.02, 368302, 463, 0, 0
865, 1, 496, 508, 110, 0, 0.71%, 0, 0, 11, 440.26, 370591, 463, 0, 0
870, 1, 488, 511, 112, 0, 0.71%, 0, 0, 11, 439.61, 372788, 463, 0, 0
876, 1, 508, 511, 111, 0, 0.71%, 0, 0, 11, 441.91, 375353, 463, 0, 0
881, 2, 448, 511, 109, 0, 0.71%, 0, 0, 11, 424.33, 377556, 463, 0, 0
886, 2, 505, 513, 110, 0, 0.71%, 0, 0, 11, 438.52, 379785, 463, 0, 0
891, 2, 512, 514, 107, 0, 0.71%, 0, 0, 12, 415.73, 381959, 463, 0, 0
896, 2, 512, 514, 107, 0, 0.71%, 0, 0, 12, 308.91, 383341, 463, 0, 0
902, 2, 349, 517, 107, 0, 0.71%, 0, 0, 12, 422.03, 385591, 463, 0, 0
907, 2, 455, 520, 110, 0, 0.71%, 0, 0, 12, 456.06, 387915, 463, 0, 0
912, 2, 350, 524, 112, 0, 0.71%, 0, 0, 12, 459.44, 390257, 463, 0, 0
917, 2, 350, 526, 114, 0, 0.71%, 0, 0, 12, 467.03, 392629, 463, 0, 0
922, 2, 350, 528, 116, 0, 0.71%, 0, 0, 12, 466.43, 394974, 463, 0, 0
927, 2, 350, 530, 118, 0, 0.71%, 0, 0, 12, 468.05, 397337, 463, 0, 0
932, 2, 350, 530, 118, 0, 0.71%, 0, 0, 12, 461.98, 399695, 463, 0, 0
937, 2, 350, 530, 118, 0, 0.71%, 0, 0, 12, 475.96, 402089, 463, 0, 0
942, 2, 508, 534, 122, 0, 0.71%, 0, 0, 12, 462.79, 404418, 463, 0, 0
947, 2, 508, 535, 123, 0, 0.71%, 0, 0, 12, 454.72, 406711, 463, 0, 0
952, 2, 508, 536, 124, 0, 0.71%, 0, 0, 12, 452.95, 409004, 463, 0, 0
957, 2, 508, 536, 124, 0, 0.71%, 0, 0, 12, 449.32, 411266, 463, 0, 0
963, 2, 447, 536, 122, 0, 0.71%, 0, 0, 12, 442.12, 413854, 463, 0, 0
969, 2, 509, 537, 121, 0, 0.71%, 0, 0, 12, 445.53, 416378, 463, 0, 0
975, 2, 532, 537, 119, 0, 0.71%, 0, 0, 12, 452.20, 419244, 463, 0, 0
980, 2, 513, 541, 121, 0, 0.71%, 0, 0, 13, 443.47, 421561, 463, 0, 0
985, 2, 513, 544, 124, 0, 0.71%, 0, 0, 13, 440.08, 423790, 463, 0, 0
990, 2, 513, 545, 125, 0, 0.71%, 0, 0, 13, 448.93, 426045, 463, 0, 0
995, 2, 513, 546, 126, 0, 0.71%, 0, 0, 13, 450.36, 428292, 463, 0, 0
1000, 2, 513, 548, 128, 0, 0.71%, 0, 0, 13, 444.34, 430522, 463, 0, 0
1005, 2, 474, 548, 127, 0, 0.71%, 0, 0, 13, 443.52, 432765, 463, 0, 0
1012, 2, 520, 548, 124, 0, 0.71%, 0, 0, 13, 445.17, 435648, 463, 0, 0
1017, 2, 520, 552, 128, 0, 0.71%, 0, 0, 13, 453.07, 437935, 463, 0, 0
1022, 2, 520, 553, 129, 0, 0.71%, 0, 0, 13, 456.45, 440246, 463, 0, 0
1027, 2, 522, 553, 128, 0, 0.71%, 0, 0, 13, 452.15, 442515, 463, 0, 0
1032, 2, 530, 554, 127, 0, 0.71%, 0, 0, 13, 451.31, 445068, 463, 0, 0
1037, 2, 125, 556, 126, 0, 0.71%, 0, 0, 13, 457.79, 447421, 463, 0, 0
1042, 2, 472, 559, 128, 0, 0.71%, 0, 0, 13, 468.68, 449791, 463, 0, 0
1048, 2, 543, 560, 127, 0, 0.71%, 0, 0, 13, 442.38, 452058, 463, 0, 0
1053, 2, 526, 561, 127, 0, 0.71%, 0, 0, 14, 431.81, 454237, 463, 0, 0
1058, 2, 529, 562, 125, 0, 0.71%, 0, 0, 14, 449.14, 456567, 463, 0, 0
1063, 2, 350, 564, 125, 0, 0.71%, 0, 0, 14, 452.32, 458829, 463, 0, 0
1068, 2, 519, 565, 126, 0, 0.71%, 0, 0, 14, 456.74, 461231, 463, 0, 0
1073, 2, 558, 568, 126, 0, 0.71%, 0, 0, 14, 459.41, 463563, 463, 0, 0
1078, 2, 558, 572, 130, 0, 0.71%, 0, 0, 14, 454.97, 465868, 463, 0, 0
1083, 2, 558, 573, 131, 0, 0.71%, 0, 0, 14, 449.99, 468145, 463, 0, 0
1088, 2, 558, 574, 132, 0, 0.71%, 0, 0, 14, 444.44, 470464, 463, 0, 0
1093, 2, 558, 578, 136, 0, 0.71%, 0, 0, 14, 440.98, 472652, 463, 0, 0
1098, 2, 558, 578, 136, 0, 0.71%, 0, 0, 14, 445.55, 474884, 463, 0, 0
1103, 2, 564, 579, 136, 0, 0.71%, 0, 0, 14, 435.67, 477059, 463, 0, 0
1109, 2, 564, 581, 138, 0, 0.71%, 0, 0, 14, 436.31, 479316, 463, 0, 0
1114, 2, 535, 581, 137, 0, 0.71%, 0, 0, 14, 434.18, 481813, 463, 0, 0
1119, 2, 535, 584, 140, 0, 0.71%, 0, 0, 14, 440.23, 484098, 463, 0, 0
1124, 2, 533, 584, 138, 0, 0.71%, 0, 0, 14, 432.23, 486247, 463, 0, 0
1130, 2, 533, 586, 140, 0, 0.71%, 0, 0, 14, 435.00, 488487, 463, 0, 0
1135, 2, 524, 586, 139, 0, 0.71%, 0, 0, 14, 430.44, 490988, 463, 0, 0
1140, 2, 561, 590, 142, 0, 0.71%, 0, 0, 14, 407.30, 493040, 463, 0, 0
1145, 2, 576, 591, 140, 0, 0.71%, 0, 0, 14, 430.71, 495217, 463, 0, 0
1150, 2, 510, 591, 139, 0, 0.71%, 0, 0, 14, 435.07, 497383, 463, 0, 0
1156, 2, 586, 591, 138, 0, 0.71%, 0, 0, 14, 427.16, 499683, 463, 0, 0
1161, 2, 572, 592, 138, 0, 0.71%, 0, 0, 14, 423.73, 501798, 463, 0, 0
1166, 2, 552, 592, 136, 0, 0.71%, 0, 0, 14, 429.42, 504032, 463, 0, 0
1171, 2, 516, 594, 137, 0, 0.71%, 0, 0, 14, 424.00, 506410, 463, 0, 0
1177, 2, 541, 596, 138, 0, 0.71%, 0, 0, 14, 428.49, 508612, 463, 0, 0
1182, 2, 553, 596, 137, 0, 0.71%, 0, 0, 14, 411.53, 510612, 463, 0, 0
1187, 2, 518, 596, 135, 0, 0.71%, 0, 0, 14, 430.18, 512852, 463, 0, 0
1192, 2, 546, 596, 134, 0, 0.71%, 0, 0, 14, 424.12, 515010, 463, 0, 0
1197, 2, 536, 597, 134, 0, 0.71%, 0, 0, 14, 413.48, 517047, 463, 0, 0
1202, 2, 548, 597, 131, 0, 0.71%, 0, 0, 14, 430.70, 519226, 463, 0, 0
1207, 2, 336, 597, 129, 0, 0.71%, 0, 0, 14, 434.52, 521447, 463, 0, 0
1212, 2, 569, 597, 128, 0, 0.71%, 0, 0, 14, 426.63, 523687, 463, 0, 0
1217, 2, 322, 598, 125, 0, 0.71%, 0, 0, 14, 429.04, 525844, 463, 0, 0
1222, 2, 581, 599, 124, 0, 0.71%, 0, 0, 14, 430.51, 528016, 463, 0, 0
1227, 2, 581, 601, 126, 0, 0.71%, 0, 0, 14, 433.32, 530243, 463, 0, 0
1232, 2, 554, 601, 123, 0, 0.71%, 0, 0, 14, 423.40, 532419, 463, 0, 0
1237, 2, 592, 602, 122, 0, 0.71%, 0, 0, 14, 423.41, 534585, 463, 0, 0
1242, 2, 486, 602, 121, 0, 0.71%, 0, 0, 14, 405.17, 536595, 463, 0, 0
1248, 2, 501, 604, 122, 0, 0.71%, 0, 0, 14, 422.69, 538778, 463, 0, 0
1253, 2, 603, 605, 121, 0, 0.71%, 0, 0, 14, 396.26, 540802, 463, 0, 0
1258, 2, 490, 607, 122, 0, 0.71%, 0, 0, 14, 399.48, 542751, 463, 0, 0
1263, 2, 541, 609, 121, 0, 0.71%, 0, 0, 14, 423.87, 545044, 463, 0, 0
1268, 2, 418, 609, 119, 0, 0.71%, 0, 0, 14, 422.72, 547086, 463, 0, 0
1273, 2, 597, 610, 117, 0, 0.71%, 0, 0, 14, 427.45, 549333, 463, 0, 0
1278, 2, 597, 612, 119, 0, 0.71%, 0, 0, 14, 396.03, 551277, 463, 0, 0
1283, 2, 597, 615, 122, 0, 0.71%, 0, 0, 14, 394.79, 553251, 463, 0, 0
1288, 2, 597, 616, 123, 0, 0.71%, 0, 0, 14, 392.02, 555281, 463, 0, 0
1293, 2, 597, 617, 124, 0, 0.71%, 0, 0, 14, 395.93, 557269, 463, 0, 0
1298, 2, 597, 617, 124, 0, 0.71%, 0, 0, 14, 392.23, 559271, 463, 0, 0
1304, 2, 545, 617, 122, 0, 0.71%, 0, 0, 14, 393.08, 561291, 463, 0, 0
1309, 2, 545, 618, 123, 0, 0.71%, 0, 0, 14, 391.51, 563325, 463, 0, 0
1314, 2, 595, 619, 123, 0, 0.71%, 0, 0, 14, 404.32, 565631, 463, 0, 0
1319, 2, 600, 619, 122, 0, 0.71%, 0, 0, 14, 370.44, 567497, 463, 0, 0
1325, 2, 311, 620, 121, 0, 0.71%, 0, 0, 14, 400.24, 569533, 463, 0, 0
1330, 2, 542, 620, 120, 0, 0.71%, 0, 0, 14, 409.07, 571714, 463, 0, 0
1335, 2, 579, 620, 119, 0, 0.71%, 0, 0, 14, 413.75, 573791, 463, 0, 0
1341, 2, 601, 620, 118, 0, 0.71%, 0, 0, 14, 425.00, 576393, 463, 0, 0
1346, 2, 585, 621, 117, 0, 0.71%, 0, 0, 14, 405.90, 578426, 463, 0, 0
1351, 2, 531, 621, 116, 0, 0.71%, 0, 0, 14, 413.21, 580450, 463, 0, 0
1356, 2, 521, 621, 113, 0, 0.71%, 0, 0, 14, 437.69, 582688, 463, 0, 0
1361, 2, 521, 622, 112, 0, 0.71%, 0, 0, 14, 448.92, 585012, 463, 0, 0
1366, 2, 599, 622, 112, 0, 0.71%, 0, 0, 14, 400.83, 586979, 463, 0, 0
1371, 2, 610, 623, 112, 0, 0.71%, 0, 0, 14, 385.00, 588964, 463, 0, 0
1376, 2, 598, 623, 110, 0, 0.71%, 0, 0, 14, 416.37, 591127, 463, 0, 0
1382, 2, 544, 624, 109, 0, 0.71%, 0, 0, 14, 429.56, 593364, 463, 0, 0
1387, 2, 594, 626, 110, 0, 0.71%, 0, 0, 14, 439.48, 595623, 463, 0, 0
1392, 2, 625, 626, 109, 0, 0.71%, 0, 0, 14, 426.54, 597976, 463, 0, 0
1397, 2, 625, 629, 112, 0, 0.71%, 0, 0, 14, 426.71, 600189, 463, 0, 0
1402, 2, 582, 629, 110, 0, 0.71%, 0, 0, 14, 448.63, 602467, 463, 0, 0
1407, 2, 604, 629, 108, 0, 0.71%, 0, 0, 14, 449.99, 604722, 463, 0, 0
1413, 2, 540, 629, 106, 0, 0.71%, 0, 0, 14, 428.34, 606960, 463, 0, 0
1418, 2, 577, 629, 105, 0, 0.71%, 0, 0, 14, 449.15, 609333, 463, 0, 0
1423, 2, 628, 630, 104, 0, 0.71%, 0, 0, 14, 464.46, 611662, 463, 0, 0
1428, 2, 476, 631, 104, 0, 0.71%, 0, 0, 14, 431.68, 613751, 463, 0, 0
1433, 2, 630, 631, 103, 0, 0.71%, 0, 0, 14, 396.21, 615868, 463, 0, 0
1438, 2, 534, 632, 103, 0, 0.71%, 0, 0, 14, 386.17, 617729, 463, 0, 0
1443, 2, 539, 633, 103, 0, 0.71%, 0, 0, 14, 423.12, 620023, 463, 0, 0
1450, 2, 568, 633, 102, 0, 0.71%, 0, 0, 14, 417.39, 622930, 463, 0, 0
1455, 2, 624, 633, 100, 0, 0.71%, 0, 0, 14, 424.98, 625070, 463, 0, 0
1460, 2, 537, 633, 98, 0, 0.71%, 0, 0, 14, 425.95, 627225, 463, 0, 0
1465, 2, 584, 633, 97, 0, 0.71%, 0, 0, 14, 415.26, 629333, 463, 0, 0
1470, 2, 596, 634, 97, 0, 0.71%, 0, 0, 14, 391.73, 631304, 463, 0, 0
1475, 2, 609, 634, 96, 0, 0.71%, 0, 0, 14, 393.89, 633294, 463, 0, 0
1480, 2, 538, 635, 96, 0, 0.71%, 0, 0, 14, 398.61, 635399, 463, 0, 0
1485, 2, 629, 635, 95, 0, 0.71%, 0, 0, 14, 381.06, 637273, 463, 0, 0
1491, 2, 306, 636, 95, 0, 0.71%, 0, 0, 14, 403.98, 639434, 463, 0, 0
1496, 2, 571, 636, 93, 0, 0.71%, 0, 0, 14, 423.48, 641684, 463, 0, 0
1501, 2, 579, 636, 92, 0, 0.71%, 0, 0, 14, 413.60, 643764, 463, 0, 0
1506, 2, 621, 636, 92, 0, 0.71%, 0, 0, 14, 429.60, 645981, 463, 0, 0
1512, 2, 620, 636, 91, 0, 0.71%, 0, 0, 14, 418.64, 648529, 463, 0, 0
1517, 2, 361, 636, 89, 0, 0.71%, 0, 0, 14, 431.33, 650786, 463, 0, 0
1522, 2, 623, 637, 90, 0, 0.71%, 0, 0, 14, 398.93, 652754, 463, 0, 0
1529, 2, 617, 637, 89, 0, 0.71%, 0, 0, 14, 378.98, 655211, 463, 0, 0
1534, 2, 417, 637, 87, 0, 0.71%, 0, 0, 14, 409.32, 657324, 463, 0, 0
1539, 2, 635, 637, 86, 0, 0.71%, 0, 0, 14, 366.55, 659211, 463, 0, 0
1544, 2, 311, 639, 87, 0, 0.71%, 0, 0, 14, 350.37, 660906, 463, 0, 0
1549, 2, 608, 639, 86, 0, 0.71%, 0, 0, 14, 382.09, 662955, 463, 0, 0
1554, 2, 608, 640, 87, 0, 0.71%, 0, 0, 15, 384.68, 664906, 463, 0, 0
1559, 2, 638, 641, 87, 0, 0.71%, 0, 0, 15, 382.78, 666972, 463, 0, 0
1565, 2, 638, 641, 87, 0, 0.71%, 0, 0, 15, 286.98, 668355, 463, 0, 0
1570, 2, 638, 645, 91, 0, 0.71%, 0, 0, 15, 276.27, 669776, 463, 0, 0
1575, 2, 638, 645, 91, 0, 0.71%, 0, 0, 15, 286.05, 671257, 463, 0, 0
1580, 2, 638, 645, 91, 0, 0.71%, 0, 0, 15, 291.18, 672767, 463, 0, 0
1585, 2, 638, 646, 92, 0, 0.71%, 0, 0, 15, 289.51, 674224, 463, 0, 0
1590, 2, 638, 646, 92, 0, 0.71%, 0, 0, 15, 297.44, 675714, 463, 0, 0
1595, 2, 638, 646, 92, 0, 0.71%, 0, 0, 15, 288.29, 677209, 463, 0, 0
1600, 2, 638, 646, 92, 0, 0.71%, 0, 0, 15, 290.06, 678719, 463, 0, 0
1606, 2, 347, 646, 91, 0, 0.71%, 0, 0, 15, 355.83, 680627, 463, 0, 0
1611, 2, 422, 646, 90, 0, 0.71%, 0, 0, 15, 406.99, 682919, 463, 0, 0
1617, 2, 632, 646, 90, 0, 0.71%, 0, 0, 15, 418.64, 685536, 463, 0, 0
1622, 2, 547, 647, 90, 0, 0.71%, 0, 0, 15, 434.51, 687836, 463, 0, 0
1627, 2, 606, 647, 89, 0, 0.71%, 0, 0, 15, 379.69, 689817, 463, 0, 0
1632, 2, 606, 648, 90, 0, 0.71%, 0, 0, 15, 351.01, 691555, 463, 0, 0
1637, 2, 634, 649, 90, 0, 0.71%, 0, 0, 15, 412.25, 693615, 463, 0, 0
1642, 2, 619, 650, 90, 0, 0.71%, 0, 0, 15, 404.57, 695727, 463, 0, 0
1647, 2, 574, 650, 89, 0, 0.71%, 0, 0, 15, 390.69, 697614, 463, 0, 0
1652, 2, 574, 650, 89, 0, 0.71%, 0, 0, 15, 406.81, 699728, 463, 0, 0
1657, 2, 566, 651, 89, 0, 0.71%, 0, 0, 15, 466.77, 702170, 463, 0, 0
1662, 2, 649, 653, 89, 0, 0.71%, 0, 0, 15, 444.18, 704434, 463, 0, 0
1667, 2, 640, 654, 89, 0, 0.71%, 0, 0, 15, 417.65, 706542, 463, 0, 0
1673, 2, 626, 654, 88, 0, 0.71%, 0, 0, 15, 420.45, 708614, 463, 0, 0
1678, 2, 643, 654, 87, 0, 0.71%, 0, 0, 15, 366.29, 710617, 463, 0, 0
1683, 2, 643, 654, 87, 0, 0.71%, 0, 0, 15, 261.60, 711779, 463, 0, 0
1688, 2, 646, 654, 86, 0, 0.71%, 0, 0, 15, 355.18, 713575, 463, 0, 0
1693, 2, 645, 654, 85, 0, 0.71%, 0, 0, 15, 234.20, 714743, 463, 0, 0
1698, 2, 645, 654, 85, 0, 0.71%, 0, 0, 15, 199.40, 715675, 463, 0, 0
1703, 2, 587, 655, 84, 0, 0.71%, 0, 0, 15, 396.56, 717969, 463, 0, 0
1708, 2, 361, 655, 83, 0, 0.71%, 0, 0, 15, 454.09, 720274, 463, 0, 0
1715, 2, 627, 655, 83, 0, 0.71%, 0, 0, 15, 448.55, 723177, 463, 0, 0
1720, 2, 637, 656, 81, 0, 0.71%, 0, 0, 15, 449.20, 725489, 463, 0, 0
1725, 2, 637, 656, 81, 0, 0.71%, 0, 0, 15, 337.84, 727072, 463, 0, 0
1731, 2, 562, 656, 80, 0, 0.71%, 0, 0, 15, 417.13, 729781, 463, 0, 0
1736, 2, 367, 656, 78, 0, 0.71%, 0, 0, 15, 426.49, 731947, 463, 0, 0
1741, 2, 650, 657, 77, 0, 0.71%, 0, 0, 15, 470.32, 734378, 463, 0, 0
1746, 2, 655, 658, 77, 0, 0.71%, 0, 0, 15, 451.56, 736678, 463, 0, 0
1751, 2, 653, 658, 76, 0, 0.71%, 0, 0, 15, 391.74, 738601, 463, 0, 0
1756, 2, 651, 659, 76, 0, 0.71%, 0, 0, 15, 391.55, 740589, 463, 0, 0
1761, 2, 613, 659, 75, 0, 0.71%, 0, 0, 15, 404.32, 742694, 463, 0, 0
1766, 2, 627, 660, 75, 0, 0.71%, 0, 0, 15, 392.50, 744618, 463, 0, 0
1773, 2, 658, 660, 75, 0, 0.71%, 0, 0, 15, 346.84, 746690, 463, 0, 0
1778, 2, 467, 662, 76, 0, 0.71%, 0, 0, 15, 385.50, 748600, 463, 0, 0
1783, 2, 641, 662, 76, 0, 0.71%, 0, 0, 15, 305.48, 750110, 463, 0, 0
1788, 2, 642, 662, 75, 0, 0.71%, 0, 0, 15, 340.40, 751781, 463, 0, 0
1795, 2, 642, 662, 75, 0, 0.71%, 0, 0, 15, 267.89, 753555, 463, 0, 0
1800, 2, 627, 662, 73, 0, 0.71%, 0, 0, 15, 395.08, 755691, 463, 0, 0
1805, 2, 453, 662, 70, 0, 0.71%, 0, 0, 15, 423.25, 757888, 463, 0, 0
1812, 2, 580, 662, 70, 0, 0.71%, 0, 0, 15, 445.74, 760742, 463, 0, 0
1817, 2, 657, 663, 70, 0, 0.71%, 0, 0, 15, 440.00, 762934, 463, 0, 0
1822, 2, 373, 664, 69, 0, 0.71%, 0, 0, 15, 455.13, 765245, 463, 0, 0
1827, 2, 662, 664, 67, 0, 0.71%, 0, 0, 15, 404.36, 767254, 463, 0, 0
1832, 2, 664, 665, 67, 0, 0.71%, 0, 0, 15, 384.73, 769242, 463, 0, 0
1837, 2, 664, 669, 71, 0, 0.71%, 0, 0, 15, 372.37, 771146, 463, 0, 0
1842, 2, 664, 669, 71, 0, 0.71%, 0, 0, 15, 362.25, 772959, 463, 0, 0
1847, 2, 664, 670, 72, 0, 0.71%, 0, 0, 15, 363.34, 774793, 463, 0, 0
1852, 2, 664, 670, 72, 0, 0.71%, 0, 0, 15, 362.89, 776648, 463, 0, 0
1857, 2, 664, 670, 72, 0, 0.71%, 0, 0, 15, 372.00, 778510, 463, 0, 0
1862, 2, 91, 670, 71, 0, 0.71%, 0, 0, 15, 388.80, 780498, 463, 0, 0
1867, 2, 560, 670, 70, 0, 0.71%, 0, 0, 15, 392.81, 782597, 463, 0, 0
1872, 2, 470, 671, 69, 0, 0.71%, 0, 0, 15, 401.21, 784678, 463, 0, 0
1878, 2, 644, 671, 69, 0, 0.71%, 0, 0, 15, 277.29, 786039, 463, 0, 0
1883, 2, 644, 671, 69, 0, 0.71%, 0, 0, 15, 249.46, 787222, 463, 0, 0
1888, 2, 633, 671, 68, 0, 0.71%, 0, 0, 15, 368.37, 789235, 463, 0, 0
1893, 2, 633, 674, 71, 0, 0.71%, 0, 0, 15, 400.96, 791385, 463, 0, 0
1898, 2, 659, 674, 70, 0, 0.71%, 0, 0, 15, 325.56, 793023, 463, 0, 0
1903, 2, 661, 674, 69, 0, 0.71%, 0, 0, 15, 292.40, 794484, 463, 0, 0
1908, 2, 539, 674, 68, 0, 0.71%, 0, 0, 15, 298.71, 795875, 463, 0, 0
1913, 2, 364, 674, 67, 0, 0.71%, 0, 0, 15, 369.82, 797809, 463, 0, 0
1918, 2, 668, 674, 67, 0, 0.71%, 0, 0, 15, 305.99, 799280, 463, 0, 0
1924, 2, 390, 674, 66, 0, 0.71%, 0, 0, 15, 316.77, 800877, 463, 0, 0
1929, 2, 495, 675, 66, 0, 0.71%, 0, 0, 15, 446.97, 803343, 463, 0, 0
1934, 2, 673, 676, 66, 0, 0.71%, 0, 0, 15, 347.60, 805143, 463, 0, 0
1939, 2, 673, 677, 67, 0, 0.71%, 0, 0, 15, 291.92, 806467, 463, 0, 0
1944, 2, 660, 677, 66, 0, 0.71%, 0, 0, 15, 277.01, 807828, 463, 0, 0
1949, 2, 446, 677, 65, 0, 0.71%, 0, 0, 15, 277.77, 809205, 463, 0, 0
1954, 2, 676, 677, 64, 0, 0.71%, 0, 0, 15, 249.58, 810516, 463, 0, 0
1960, 2, 676, 678, 65, 0, 0.71%, 0, 0, 16, 227.28, 811761, 463, 0, 0
1965, 2, 631, 678, 64, 0, 0.71%, 0, 0, 16, 303.33, 813331, 463, 0, 0
1970, 2, 670, 678, 63, 0, 0.71%, 0, 0, 16, 349.93, 815048, 463, 0, 0
1975, 2, 627, 679, 63, 0, 0.71%, 0, 0, 16, 422.82, 817332, 463, 0, 0
1980, 2, 570, 679, 61, 0, 0.71%, 0, 0, 16, 421.70, 819563, 463, 0, 0
1986, 2, 570, 679, 61, 0, 0.71%, 0, 0, 16, 403.23, 821628, 463, 0, 0
1991, 2, 675, 679, 60, 0, 0.71%, 0, 0, 16, 310.05, 823348, 463, 0, 0
1996, 2, 675, 679, 60, 0, 0.71%, 0, 0, 16, 171.99, 824041, 463, 0, 0
2001, 2, 675, 679, 60, 0, 0.71%, 0, 0, 16, 141.89, 824732, 463, 0, 0
2006, 2, 669, 679, 59, 0, 0.71%, 0, 0, 16, 206.40, 825737, 463, 0, 0
2011, 2, 669, 679, 59, 0, 0.71%, 0, 0, 16, 252.52, 827063, 463, 0, 0
2016, 2, 677, 679, 58, 0, 0.71%, 0, 0, 16, 207.56, 828138, 463, 0, 0
2021, 2, 677, 679, 58, 0, 0.71%, 0, 0, 16, 175.00, 828991, 463, 0, 0
2027, 2, 611, 679, 57, 0, 0.71%, 0, 0, 16, 244.58, 830168, 463, 0, 0
2032, 2, 618, 679, 56, 0, 0.71%, 0, 0, 16, 386.41, 832337, 463, 0, 0
2037, 2, 667, 679, 55, 0, 0.71%, 0, 0, 16, 360.64, 834195, 463, 0, 0
2042, 2, 597, 679, 54, 0, 0.71%, 0, 0, 16, 384.08, 836213, 463, 0, 0
2047, 2, 665, 679, 54, 0, 0.71%, 0, 0, 16, 358.14, 838015, 463, 0, 0
2053, 2, 647, 679, 53, 0, 0.71%, 0, 0, 16, 332.45, 840128, 463, 0, 0
2058, 2, 312, 679, 52, 0, 0.71%, 0, 0, 16, 416.27, 842336, 463, 0, 0
2063, 2, 612, 679, 51, 0, 0.71%, 0, 0, 16, 389.33, 844343, 463, 0, 0
2069, 2, 460, 680, 50, 0, 0.71%, 0, 0, 16, 435.72, 846483, 463, 0, 0
2075, 2, 513, 680, 46, 0, 0.71%, 0, 0, 16, 463.68, 849406, 463, 0, 0
2080, 2, 322, 680, 46, 0, 0.71%, 0, 0, 16, 385.73, 851272, 463, 0, 0
2085, 2, 551, 681, 46, 0, 0.71%, 0, 0, 16, 437.96, 853534, 463, 0, 0
2090, 2, 678, 681, 46, 0, 0.71%, 0, 0, 16, 412.74, 855592, 463, 0, 0
2096, 2, 678, 681, 46, 0, 0.71%, 0, 0, 16, 415.18, 858011, 463, 0, 0
2101, 2, 591, 681, 44, 0, 0.71%, 0, 0, 16, 416.49, 860170, 463, 0, 0
2106, 2, 679, 682, 44, 0, 0.71%, 0, 0, 16, 396.38, 862113, 463, 0, 0
2111, 2, 307, 683, 44, 0, 0.71%, 0, 0, 16, 429.79, 864313, 463, 0, 0
2116, 2, 581, 683, 44, 0, 0.71%, 0, 0, 16, 434.25, 866619, 463, 0, 0
2121, 2, 671, 683, 43, 0, 0.71%, 0, 0, 16, 394.30, 868651, 463, 0, 0
2126, 2, 674, 683, 42, 0, 0.71%, 0, 0, 16, 415.20, 870773, 463, 0, 0
2131, 2, 532, 684, 42, 0, 0.71%, 0, 0, 16, 437.89, 872976, 463, 0, 0
2136, 2, 680, 684, 41, 0, 0.71%, 0, 0, 16, 431.13, 875217, 463, 0, 0
2141, 2, 684, 685, 41, 0, 0.71%, 0, 0, 16, 398.81, 877217, 463, 0, 0
2147, 2, 403, 685, 40, 0, 0.71%, 0, 0, 16, 403.12, 879306, 463, 0, 0
2152, 2, 666, 685, 40, 0, 0.71%, 0, 0, 16, 358.33, 881069, 463, 0, 0
2157, 2, 683, 685, 38, 0, 0.71%, 0, 0, 16, 440.11, 883407, 463, 0, 0
2162, 2, 682, 686, 37, 0, 0.71%, 0, 0, 16, 431.75, 885633, 463, 0, 0
2167, 2, 368, 687, 37, 0, 0.71%, 0, 0, 16, 447.40, 887896, 463, 0, 0
2172, 3, 439, 687, 37, 0, 0.71%, 0, 0, 16, 457.84, 890294, 463, 0, 0
2177, 3, 605, 687, 36, 0, 0.71%, 0, 0, 16, 391.90, 892193, 463, 0, 0
2184, 3, 592, 687, 35, 0, 0.71%, 0, 0, 16, 400.92, 894855, 463, 0, 0
2189, 3, 27, 687, 34, 0, 0.71%, 0, 0, 16, 461.07, 897311, 463, 0, 0
2194, 3, 286, 688, 33, 0, 0.71%, 0, 0, 16, 452.20, 899661, 463, 0, 0
2199, 3, 687, 688, 33, 0, 0.71%, 0, 0, 16, 426.25, 901848, 463, 0, 0
2204, 3, 364, 689, 33, 0, 0.71%, 0, 0, 16, 351.95, 903646, 463, 0, 0
2210, 3, 652, 689, 33, 0, 0.71%, 0, 0, 16, 382.04, 905809, 463, 0, 0
2215, 3, 653, 689, 32, 0, 0.71%, 0, 0, 16, 413.38, 907869, 463, 0, 0
2220, 3, 629, 689, 32, 0, 0.71%, 0, 0, 16, 422.55, 910138, 463, 0, 0
2225, 3, 590, 689, 31, 0, 0.71%, 0, 0, 16, 418.66, 912264, 463, 0, 0
2231, 3, 442, 690, 32, 0, 0.71%, 0, 0, 16, 441.87, 914603, 463, 0, 0
2236, 3, 689, 690, 32, 0, 0.71%, 0, 0, 16, 448.36, 916901, 463, 0, 0
2241, 3, 611, 691, 32, 0, 0.71%, 0, 0, 16, 441.60, 919156, 463, 0, 0
2246, 3, 688, 691, 32, 0, 0.71%, 0, 0, 16, 434.38, 921471, 463, 0, 0
2252, 3, 688, 691, 32, 0, 0.71%, 0, 0, 16, 395.97, 923677, 463, 0, 0
2257, 3, 534, 692, 32, 0, 0.71%, 0, 0, 16, 441.85, 925906, 463, 0, 0
2262, 3, 349, 692, 32, 0, 0.71%, 0, 0, 16, 452.39, 928170, 463, 0, 0
2267, 3, 686, 692, 30, 0, 0.71%, 0, 0, 16, 447.50, 930497, 463, 0, 0
2272, 3, 686, 693, 31, 0, 0.71%, 0, 0, 16, 388.05, 932359, 463, 0, 0
2277, 3, 589, 694, 31, 0, 0.71%, 0, 0, 16, 415.55, 934497, 463, 0, 0
2282, 3, 692, 694, 30, 0, 0.71%, 0, 0, 16, 399.71, 936436, 463, 0, 0
2287, 3, 692, 694, 30, 0, 0.71%, 0, 0, 16, 375.67, 938328, 463, 0, 0
2293, 3, 411, 695, 30, 0, 0.71%, 0, 0, 16, 410.49, 940433, 463, 0, 0
2298, 3, 374, 695, 30, 0, 0.71%, 0, 0, 16, 444.30, 942691, 463, 0, 0
2303, 3, 690, 695, 29, 0, 0.71%, 0, 0, 16, 415.38, 944777, 463, 0, 0
2308, 3, 639, 695, 28, 0, 0.71%, 0, 0, 16, 387.84, 946748, 463, 0, 0
2313, 3, 573, 695, 27, 0, 0.71%, 0, 0, 16, 435.53, 948897, 463, 0, 0
2318, 3, 563, 695, 26, 0, 0.71%, 0, 0, 16, 453.37, 951234, 463, 0, 0
2323, 3, 692, 697, 28, 0, 0.71%, 0, 0, 16, 419.15, 953265, 463, 0, 0
2328, 3, 694, 697, 28, 0, 0.71%, 0, 0, 16, 386.18, 955325, 463, 0, 0
2333, 3, 695, 697, 27, 0, 0.71%, 0, 0, 16, 416.36, 957371, 463, 0, 0
2338, 3, 661, 698, 27, 0, 0.71%, 0, 0, 16, 404.97, 959523, 463, 0, 0
2343, 3, 693, 698, 27, 0, 0.71%, 0, 0, 16, 407.47, 961668, 463, 0, 0
2349, 3, 693, 698, 27, 0, 0.71%, 0, 0, 16, 357.50, 963709, 463, 0, 0
2354, 3, 697, 698, 26, 0, 0.71%, 0, 0, 16, 383.57, 965636, 463, 0, 0
2359, 3, 368, 698, 24, 0, 0.71%, 0, 0, 16, 422.29, 967756, 463, 0, 0
2365, 3, 681, 698, 24, 0, 0.71%, 0, 0, 16, 392.68, 969861, 463, 0, 0
2370, 3, 622, 699, 24, 0, 0.71%, 0, 0, 16, 374.49, 971697, 463, 0, 0
2375, 3, 622, 699, 24, 0, 0.71%, 0, 0, 16, 360.89, 973515, 463, 0, 0
2380, 3, 698, 699, 22, 0, 0.71%, 0, 0, 16, 394.85, 975710, 463, 0, 0
2387, 3, 698, 699, 22, 0, 0.71%, 0, 0, 16, 315.83, 977704, 463, 0, 0
2392, 3, 675, 700, 22, 0, 0.71%, 0, 0, 16, 314.34, 979331, 463, 0, 0
2397, 3, 699, 700, 22, 0, 0.71%, 0, 0, 16, 258.88, 980581, 463, 0, 0
2400, 3, 544, 700, 21, 0, 0.71%, 0, 0, 16, 271.02, 981295, 463, 0, 0
