# relative_time, cycles_done, cur_item, corpus_count, pending_total, pending_favs, map_size, saved_crashes, saved_hangs, max_depth, execs_per_sec, total_execs, edges_found, total_crashes, servers_count
61, 0, 255, 299, 294, 51, 42.29%, 0, 0, 3, 288.26, 17225, 447, 0, 0
66, 0, 255, 310, 305, 51, 42.48%, 0, 0, 3, 282.20, 18672, 449, 0, 0
71, 0, 255, 321, 316, 51, 42.67%, 0, 0, 3, 281.33, 20145, 451, 0, 0
76, 0, 255, 325, 320, 51, 42.67%, 0, 0, 3, 283.40, 21563, 451, 0, 0
81, 0, 255, 328, 323, 51, 42.86%, 0, 0, 3, 287.54, 23044, 453, 0, 0
87, 0, 255, 332, 327, 51, 42.86%, 0, 0, 3, 290.03, 24547, 453, 0, 0
92, 0, 38, 335, 329, 52, 42.86%, 0, 0, 3, 290.04, 25998, 453, 0, 0
97, 0, 261, 337, 328, 49, 42.86%, 0, 0, 3, 289.50, 27502, 453, 0, 0
102, 0, 138, 337, 322, 43, 42.86%, 0, 0, 3, 280.09, 28863, 453, 0, 0
107, 0, 285, 339, 319, 38, 42.86%, 0, 0, 4, 294.65, 30426, 453, 0, 0
113, 0, 200, 340, 315, 33, 42.86%, 0, 0, 4, 290.78, 31910, 453, 0, 0
118, 0, 257, 342, 311, 28, 42.86%, 0, 0, 4, 292.26, 33408, 453, 0, 0
123, 0, 246, 343, 307, 24, 43.05%, 0, 0, 4, 279.55, 34956, 455, 0, 0
128, 0, 279, 344, 300, 18, 43.05%, 0, 0, 4, 289.46, 36445, 455, 0, 0
133, 0, 336, 352, 304, 15, 43.24%, 0, 0, 4, 266.54, 37737, 457, 0, 0
138, 0, 336, 358, 310, 15, 43.33%, 0, 0, 4, 285.69, 39190, 458, 0, 0
144, 0, 336, 360, 312, 15, 43.33%, 0, 0, 4, 286.76, 40684, 458, 0, 0
149, 0, 336, 363, 315, 15, 43.33%, 0, 0, 4, 289.53, 42185, 458, 0, 0
154, 0, 336, 365, 317, 15, 43.33%, 0, 0, 4, 291.85, 43664, 458, 0, 0
159, 0, 336, 370, 322, 15, 43.33%, 0, 0, 4, 290.12, 45164, 458, 0, 0
164, 0, 336, 371, 323, 15, 43.33%, 0, 0, 4, 287.64, 46596, 458, 0, 0
169, 0, 205, 372, 322, 17, 43.33%, 0, 0, 4, 288.53, 48052, 458, 0, 0
174, 0, 325, 374, 319, 13, 43.33%, 0, 0, 5, 280.07, 49481, 458, 0, 0
179, 0, 334, 376, 318, 10, 43.33%, 0, 0, 6, 236.94, 50522, 458, 0, 0
184, 0, 353, 377, 312, 4, 43.33%, 0, 0, 6, 269.58, 51938, 458, 0, 0
189, 0, 304, 379, 308, 0, 43.42%, 0, 0, 6, 259.90, 53298, 459, 0, 0
194, 0, 378, 379, 308, 1, 43.42%, 0, 0, 6, 45.41, 53600, 459, 0, 0
199, 0, 138, 381, 306, 0, 43.42%, 0, 0, 6, 282.53, 54790, 459, 0, 0
205, 0, 380, 383, 306, 0, 43.42%, 0, 0, 6, 259.95, 56136, 459, 0, 0
210, 0, 357, 383, 301, 0, 43.42%, 0, 0, 6, 287.89, 57690, 459, 0, 0
215, 0, 39, 384, 301, 0, 43.42%, 0, 0, 6, 280.16, 59090, 459, 0, 0
220, 0, 365, 386, 299, 0, 43.42%, 0, 0, 6, 290.05, 60572, 459, 0, 0
225, 0, 325, 387, 297, 0, 43.42%, 0, 0, 6, 172.20, 61739, 459, 0, 0
230, 0, 352, 389, 293, 0, 43.42%, 0, 0, 6, 260.65, 63202, 459, 0, 0
235, 0, 374, 396, 299, 0, 43.42%, 0, 0, 6, 276.42, 64603, 459, 0, 0
241, 0, 374, 396, 299, 0, 43.42%, 0, 0, 6, 279.33, 66068, 459, 0, 0
246, 0, 374, 398, 301, 0, 43.42%, 0, 0, 6, 284.36, 67532, 459, 0, 0
251, 0, 374, 401, 304, 0, 43.42%, 0, 0, 6, 282.79, 68943, 459, 0, 0
256, 0, 374, 402, 305, 0, 43.42%, 0, 0, 6, 280.62, 70345, 459, 0, 0
261, 0, 374, 403, 306, 0, 43.42%, 0, 0, 6, 279.55, 71743, 459, 0, 0
266, 0, 374, 403, 306, 0, 43.42%, 0, 0, 6, 278.99, 73133, 459, 0, 0
271, 0, 396, 406, 308, 1, 43.42%, 0, 0, 6, 286.20, 74616, 459, 0, 0
276, 0, 175, 407, 306, 0, 43.42%, 0, 0, 6, 285.55, 76069, 459, 0, 0
281, 0, 322, 409, 305, 0, 43.42%, 0, 0, 6, 289.12, 77591, 459, 0, 0
286, 0, 378, 409, 302, 0, 43.42%, 0, 0, 6, 244.42, 78848, 459, 0, 0
291, 0, 378, 410, 303, 0, 43.42%, 0, 0, 6, 209.45, 79936, 459, 0, 0
296, 0, 110, 410, 302, 0, 43.42%, 0, 0, 6, 253.21, 81270, 459, 0, 0
302, 0, 306, 411, 301, 0, 43.42%, 0, 0, 6, 294.77, 82922, 459, 0, 0
307, 0, 279, 411, 294, 0, 43.42%, 0, 0, 6, 325.89, 84602, 459, 0, 0
312, 0, 357, 411, 288, 0, 43.42%, 0, 0, 6, 342.35, 86384, 459, 0, 0
317, 0, 316, 413, 286, 0, 43.42%, 0, 0, 6, 335.17, 88078, 459, 0, 0
322, 0, 293, 414, 283, 0, 43.42%, 0, 0, 6, 332.64, 89843, 459, 0, 0
327, 0, 342, 415, 280, 0, 43.42%, 0, 0, 6, 330.07, 91514, 459, 0, 0
333, 0, 247, 416, 275, 0, 43.42%, 0, 0, 6, 345.76, 93301, 459, 0, 0
338, 0, 221, 418, 275, 0, 43.42%, 0, 0, 6, 346.85, 95198, 459, 0, 0
343, 0, 378, 418, 269, 0, 43.42%, 0, 0, 6, 66.73, 96852, 459, 0, 0
348, 0, 248, 418, 268, 0, 43.42%, 0, 0, 6, 345.01, 98288, 459, 0, 0
353, 0, 138, 420, 265, 0, 43.42%, 0, 0, 6, 345.19, 100063, 459, 0, 0
358, 0, 369, 420, 263, 0, 43.42%, 0, 0, 6, 344.92, 101826, 459, 0, 0
364, 0, 326, 421, 261, 0, 43.42%, 0, 0, 6, 318.63, 103455, 459, 0, 0
369, 0, 288, 421, 256, 0, 43.42%, 0, 0, 6, 337.22, 105142, 459, 0, 0
374, 0, 387, 421, 253, 0, 43.42%, 0, 0, 6, 328.92, 106829, 459, 0, 0
379, 0, 322, 422, 252, 0, 43.42%, 0, 0, 6, 339.29, 108584, 459, 0, 0
384, 0, 422, 424, 251, 1, 43.42%, 0, 0, 6, 337.33, 110300, 459, 0, 0
389, 0, 278, 424, 247, 0, 43.42%, 0, 0, 6, 331.59, 111940, 459, 0, 0
394, 0, 35, 426, 246, 0, 43.42%, 0, 0, 6, 339.15, 113705, 459, 0, 0
400, 0, 17, 428, 243, 0, 43.42%, 0, 0, 6, 333.35, 115507, 459, 0, 0
405, 0, 211, 428, 241, 0, 43.42%, 0, 0, 6, 343.83, 117240, 459, 0, 0
410, 0, 254, 428, 236, 0, 43.42%, 0, 0, 6, 344.07, 118991, 459, 0, 0
417, 0, 335, 431, 236, 0, 43.42%, 0, 0, 6, 36.42, 120421, 459, 0, 0
422, 0, 86, 431, 231, 0, 43.42%, 0, 0, 6, 328.77, 122067, 459, 0, 0
427, 1, 399, 431, 226, 0, 43.42%, 0, 0, 6, 350.16, 123883, 459, 0, 0
432, 1, 314, 433, 225, 0, 43.42%, 0, 0, 6, 349.99, 125659, 459, 0, 0
437, 1, 418, 433, 219, 0, 43.42%, 0, 0, 6, 352.70, 127484, 459, 0, 0
442, 1, 92, 435, 216, 0, 43.42%, 0, 0, 6, 313.61, 128973, 459, 0, 0
448, 1, 431, 439, 216, 0, 43.42%, 0, 0, 7, 342.33, 130782, 459, 0, 0
453, 1, 431, 441, 218, 0, 43.42%, 0, 0, 7, 350.90, 132609, 459, 0, 0
458, 1, 431, 441, 218, 0, 43.42%, 0, 0, 7, 351.09, 134422, 459, 0, 0
463, 1, 431, 442, 219, 0, 43.42%, 0, 0, 7, 354.38, 136249, 459, 0, 0
468, 1, 431, 443, 220, 0, 43.42%, 0, 0, 7, 351.49, 138027, 459, 0, 0
473, 1, 431, 444, 221, 0, 43.42%, 0, 0, 7, 353.45, 139833, 459, 0, 0
478, 1, 431, 445, 222, 0, 43.42%, 0, 0, 7, 355.99, 141639, 459, 0, 0
483, 1, 7, 445, 220, 0, 43.42%, 0, 0, 7, 358.58, 143512, 459, 0, 0
489, 1, 114, 445, 216, 0, 43.42%, 0, 0, 7, 362.17, 144918, 459, 0, 0
494, 1, 397, 446, 213, 0, 43.42%, 0, 0, 7, 356.53, 146775, 459, 0, 0
499, 1, 414, 446, 207, 0, 43.42%, 0, 0, 7, 360.74, 148661, 459, 0, 0
504, 1, 414, 450, 211, 0, 43.42%, 0, 0, 7, 349.23, 150426, 459, 0, 0
509, 1, 414, 450, 211, 0, 43.42%, 0, 0, 7, 350.36, 152176, 459, 0, 0
514, 1, 137, 450, 210, 0, 43.42%, 0, 0, 7, 347.50, 153905, 459, 0, 0
519, 1, 343, 451, 205, 0, 43.42%, 0, 0, 7, 346.11, 155657, 459, 0, 0
524, 1, 357, 452, 203, 0, 43.42%, 0, 0, 7, 344.83, 157451, 459, 0, 0
529, 1, 367, 453, 201, 0, 43.42%, 0, 0, 7, 350.66, 159241, 459, 0, 0
535, 1, 454, 456, 200, 1, 43.52%, 0, 0, 7, 351.89, 161045, 460, 0, 0
540, 1, 433, 457, 195, 0, 43.61%, 0, 0, 7, 349.61, 162818, 461, 0, 0
545, 1, 395, 460, 194, 0, 43.61%, 0, 0, 7, 350.72, 164650, 461, 0, 0
550, 1, 378, 460, 187, 0, 43.61%, 0, 0, 7, 53.12, 166141, 461, 0, 0
555, 1, 451, 464, 189, 0, 43.61%, 0, 0, 8, 326.16, 167702, 461, 0, 0
560, 1, 451, 464, 189, 0, 43.61%, 0, 0, 8, 348.83, 169490, 461, 0, 0
565, 1, 451, 464, 189, 0, 43.61%, 0, 0, 8, 351.17, 171264, 461, 0, 0
570, 1, 358, 464, 185, 0, 43.61%, 0, 0, 8, 354.31, 173083, 461, 0, 0
575, 1, 449, 464, 178, 0, 43.61%, 0, 0, 8, 348.80, 174864, 461, 0, 0
581, 1, 396, 464, 172, 0, 43.61%, 0, 0, 8, 312.38, 176358, 461, 0, 0
586, 1, 236, 465, 168, 0, 43.61%, 0, 0, 8, 341.91, 178264, 461, 0, 0
591, 1, 151, 465, 163, 0, 43.61%, 0, 0, 8, 351.71, 180041, 461, 0, 0
596, 1, 439, 465, 157, 0, 43.61%, 0, 0, 8, 340.70, 181745, 461, 0, 0
601, 1, 387, 471, 160, 0, 43.71%, 0, 0, 8, 349.22, 183554, 462, 0, 0
606, 1, 387, 477, 166, 0, 43.71%, 0, 0, 8, 361.54, 185368, 462, 0, 0
611, 1, 387, 482, 171, 0, 43.71%, 0, 0, 8, 364.72, 187181, 462, 0, 0
616, 1, 387, 485, 174, 0, 43.71%, 0, 0, 8, 359.42, 188980, 462, 0, 0
621, 1, 387, 488, 177, 0, 43.71%, 0, 0, 8, 359.07, 190807, 462, 0, 0
626, 1, 387, 488, 177, 0, 43.71%, 0, 0, 8, 359.30, 192620, 462, 0, 0
631, 1, 387, 490, 179, 0, 43.71%, 0, 0, 8, 357.31, 194447, 462, 0, 0
637, 1, 178, 492, 181, 0, 43.71%, 0, 0, 8, 346.19, 196298, 462, 0, 0
642, 1, 471, 493, 180, 0, 43.71%, 0, 0, 8, 350.98, 198158, 462, 0, 0
647, 1, 478, 493, 176, 0, 43.71%, 0, 0, 8, 339.75, 199932, 462, 0, 0
652, 1, 372, 494, 176, 0, 43.71%, 0, 0, 8, 296.09, 201478, 462, 0, 0
657, 1, 408, 497, 173, 0, 43.71%, 0, 0, 8, 335.56, 203199, 462, 0, 0
662, 1, 30, 500, 172, 0, 43.71%, 0, 0, 8, 347.96, 205023, 462, 0, 0
668, 1, 494, 500, 169, 0, 43.71%, 0, 0, 8, 351.90, 206788, 462, 0, 0
673, 1, 187, 501, 167, 0, 43.71%, 0, 0, 8, 352.72, 208668, 462, 0, 0
678, 1, 455, 503, 163, 0, 43.71%, 0, 0, 8, 351.00, 210482, 462, 0, 0
683, 1, 393, 503, 161, 0, 43.71%, 0, 0, 8, 53.21, 211614, 462, 0, 0
688, 1, 435, 504, 158, 0, 43.71%, 0, 0, 8, 353.85, 213381, 462, 0, 0
694, 1, 435, 512, 166, 0, 43.71%, 0, 0, 8, 347.70, 215141, 462, 0, 0
699, 1, 435, 513, 167, 0, 43.71%, 0, 0, 8, 338.45, 216882, 462, 0, 0
704, 1, 435, 513, 167, 0, 43.71%, 0, 0, 8, 347.73, 218694, 462, 0, 0
709, 1, 435, 513, 167, 0, 43.71%, 0, 0, 8, 344.19, 220488, 462, 0, 0
714, 1, 435, 513, 167, 0, 43.71%, 0, 0, 8, 353.62, 222334, 462, 0, 0
720, 1, 435, 513, 167, 0, 43.71%, 0, 0, 8, 345.00, 224124, 462, 0, 0
725, 1, 435, 514, 168, 0, 43.71%, 0, 0, 8, 333.73, 225836, 462, 0, 0
730, 1, 361, 514, 165, 0, 43.71%, 0, 0, 8, 335.61, 227589, 462, 0, 0
735, 1, 411, 517, 165, 0, 43.71%, 0, 0, 8, 340.66, 229404, 462, 0, 0
740, 1, 411, 522, 170, 0, 43.71%, 0, 0, 8, 340.49, 231179, 462, 0, 0
745, 1, 411, 523, 171, 0, 43.71%, 0, 0, 8, 352.30, 232943, 462, 0, 0
750, 1, 411, 523, 171, 0, 43.71%, 0, 0, 8, 349.07, 234720, 462, 0, 0
755, 1, 411, 524, 172, 0, 43.71%, 0, 0, 8, 342.48, 236425, 462, 0, 0
760, 1, 411, 526, 174, 0, 43.71%, 0, 0, 8, 341.21, 238143, 462, 0, 0
765, 1, 411, 527, 175, 0, 43.71%, 0, 0, 8, 344.78, 239860, 462, 0, 0
770, 1, 411, 527, 175, 0, 43.71%, 0, 0, 8, 338.01, 241625, 462, 0, 0
777, 1, 443, 528, 172, 0, 43.71%, 0, 0, 8, 354.23, 244044, 462, 0, 0
782, 1, 464, 532, 175, 0, 43.71%, 0, 0, 8, 362.60, 245882, 462, 0, 0
787, 1, 464, 534, 177, 0, 43.71%, 0, 0, 8, 355.93, 247667, 462, 0, 0
792, 1, 464, 536, 179, 0, 43.71%, 0, 0, 8, 363.23, 249550, 462, 0, 0
798, 1, 464, 536, 179, 0, 43.71%, 0, 0, 8, 368.75, 251461, 462, 0, 0
803, 1, 464, 536, 179, 0, 43.71%, 0, 0, 8, 357.41, 253295, 462, 0, 0
808, 1, 464, 537, 180, 0, 43.71%, 0, 0, 8, 364.19, 255129, 462, 0, 0
813, 1, 464, 539, 182, 0, 43.71%, 0, 0, 8, 366.70, 257040, 462, 0, 0
818, 1, 510, 541, 181, 0, 43.71%, 0, 0, 8, 354.30, 258843, 462, 0, 0
823, 1, 510, 544, 184, 0, 43.71%, 0, 0, 9, 347.08, 260582, 462, 0, 0
828, 1, 510, 546, 186, 0, 43.71%, 0, 0, 9, 350.71, 262404, 462, 0, 0
834, 1, 510, 546, 186, 0, 43.71%, 0, 0, 9, 348.11, 264184, 462, 0, 0
839, 1, 510, 548, 188, 0, 43.71%, 0, 0, 9, 344.99, 265908, 462, 0, 0
844, 1, 294, 548, 185, 0, 43.71%, 0, 0, 9, 354.24, 267736, 462, 0, 0
849, 1, 356, 550, 185, 0, 43.71%, 0, 0, 9, 348.43, 269504, 462, 0, 0
854, 1, 467, 551, 184, 0, 43.71%, 0, 0, 9, 349.22, 271258, 462, 0, 0
859, 1, 542, 552, 184, 0, 43.71%, 0, 0, 10, 348.69, 273048, 462, 0, 0
864, 1, 488, 557, 188, 0, 43.71%, 0, 0, 10, 347.85, 274852, 462, 0, 0
869, 1, 488, 558, 189, 0, 43.71%, 0, 0, 10, 339.73, 276557, 462, 0, 0
874, 1, 488, 560, 191, 0, 43.71%, 0, 0, 10, 341.34, 278335, 462, 0, 0
879, 1, 488, 562, 193, 0, 43.71%, 0, 0, 10, 341.17, 280041, 462, 0, 0
884, 1, 488, 563, 194, 0, 43.71%, 0, 0, 10, 342.11, 281740, 462, 0, 0
889, 1, 488, 564, 195, 0, 43.71%, 0, 0, 10, 348.77, 283439, 462, 0, 0
895, 1, 488, 564, 195, 0, 43.71%, 0, 0, 10, 371.63, 285374, 462, 0, 0
900, 1, 511, 564, 192, 0, 43.71%, 0, 0, 10, 367.56, 287290, 462, 0, 0
905, 1, 76, 564, 189, 0, 43.71%, 0, 0, 10, 362.47, 289150, 462, 0, 0
910, 1, 498, 565, 187, 0, 43.71%, 0, 0, 10, 337.80, 290744, 462, 0, 0
916, 1, 192, 565, 182, 0, 43.71%, 0, 0, 10, 350.27, 292747, 462, 0, 0
921, 1, 84, 566, 177, 0, 43.71%, 0, 0, 10, 357.77, 294619, 462, 0, 0
926, 1, 546, 566, 174, 0, 43.71%, 0, 0, 10, 271.61, 295874, 462, 0, 0
931, 1, 468, 567, 174, 0, 43.71%, 0, 0, 10, 329.46, 297698, 462, 0, 0
936, 1, 533, 572, 178, 0, 43.71%, 0, 0, 10, 351.57, 299478, 462, 0, 0
941, 1, 533, 572, 178, 0, 43.71%, 0, 0, 10, 352.79, 301257, 462, 0, 0
946, 1, 539, 572, 174, 0, 43.71%, 0, 0, 10, 349.79, 303049, 462, 0, 0
951, 1, 509, 575, 177, 0, 43.71%, 0, 0, 10, 350.47, 304822, 462, 0, 0
957, 1, 509, 577, 179, 0, 43.71%, 0, 0, 10, 346.18, 306618, 462, 0, 0
962, 1, 509, 577, 179, 0, 43.71%, 0, 0, 10, 351.35, 308385, 462, 0, 0
967, 1, 507, 577, 177, 0, 43.71%, 0, 0, 10, 348.10, 310119, 462, 0, 0
972, 1, 574, 579, 175, 0, 43.71%, 0, 0, 10, 322.91, 311825, 462, 0, 0
977, 1, 166, 580, 175, 0, 43.71%, 0, 0, 10, 234.92, 312888, 462, 0, 0
982, 1, 423, 580, 171, 0, 43.71%, 0, 0, 10, 315.37, 314666, 462, 0, 0
987, 1, 356, 583, 171, 0, 43.71%, 0, 0, 10, 321.31, 316287, 462, 0, 0
994, 1, 579, 583, 171, 0, 43.71%, 0, 0, 10, 151.52, 317054, 462, 0, 0
999, 1, 244, 584, 171, 0, 43.71%, 0, 0, 11, 116.44, 317559, 462, 0, 0
1004, 1, 571, 586, 170, 0, 43.71%, 0, 0, 11, 300.75, 319325, 462, 0, 0
1010, 1, 459, 586, 167, 0, 43.71%, 0, 0, 11, 337.74, 321110, 462, 0, 0
1015, 1, 585, 586, 164, 0, 43.71%, 0, 0, 11, 355.04, 322967, 462, 0, 0
1020, 1, 499, 587, 162, 0, 43.71%, 0, 0, 11, 349.70, 324724, 462, 0, 0
1025, 1, 499, 591, 166, 0, 43.71%, 0, 0, 11, 326.39, 326302, 462, 0, 0
1030, 1, 518, 591, 165, 0, 43.71%, 0, 0, 11, 314.02, 327882, 462, 0, 0
1035, 1, 453, 592, 163, 0, 43.71%, 0, 0, 11, 345.16, 329700, 462, 0, 0
1040, 1, 342, 592, 159, 0, 43.71%, 0, 0, 11, 358.31, 331556, 462, 0, 0
1045, 1, 556, 593, 157, 0, 43.71%, 0, 0, 11, 355.10, 333328, 462, 0, 0
1050, 1, 587, 596, 159, 0, 43.71%, 0, 0, 11, 321.00, 335007, 462, 0, 0
1055, 1, 566, 598, 158, 0, 43.71%, 0, 0, 11, 324.04, 336691, 462, 0, 0
1060, 1, 421, 598, 154, 0, 43.71%, 0, 0, 11, 348.57, 338522, 462, 0, 0
1065, 1, 375, 600, 154, 0, 43.71%, 0, 0, 11, 55.62, 340092, 462, 0, 0
1071, 1, 473, 601, 151, 0, 43.71%, 0, 0, 11, 364.74, 341954, 462, 0, 0
1076, 1, 213, 601, 148, 0, 43.71%, 0, 0, 11, 361.83, 343830, 462, 0, 0
1081, 1, 577, 605, 149, 0, 43.71%, 0, 0, 11, 360.24, 345641, 462, 0, 0
1086, 1, 378, 606, 146, 0, 43.71%, 0, 0, 11, 63.49, 347312, 462, 0, 0
1091, 1, 480, 608, 147, 0, 43.71%, 0, 0, 11, 262.23, 348936, 462, 0, 0
1096, 1, 523, 608, 143, 0, 43.71%, 0, 0, 11, 330.17, 350748, 462, 0, 0
1101, 1, 183, 610, 139, 0, 43.71%, 0, 0, 11, 325.51, 352267, 462, 0, 0
1106, 1, 447, 610, 135, 0, 43.71%, 0, 0, 11, 342.17, 354042, 462, 0, 0
1111, 1, 525, 610, 130, 0, 43.71%, 0, 0, 11, 345.63, 355835, 462, 0, 0
1117, 1, 528, 610, 127, 0, 43.71%, 0, 0, 11, 347.28, 357629, 462, 0, 0
1122, 1, 493, 610, 124, 0, 43.71%, 0, 0, 11, 314.44, 359247, 462, 0, 0
1127, 1, 595, 610, 123, 0, 43.71%, 0, 0, 11, 142.52, 360281, 462, 0, 0
1132, 1, 608, 612, 124, 0, 43.71%, 0, 0, 11, 126.91, 361016, 462, 0, 0
1137, 1, 569, 614, 123, 0, 43.71%, 0, 0, 11, 304.14, 362733, 462, 0, 0
1142, 1, 496, 614, 120, 0, 43.71%, 0, 0, 11, 344.61, 364565, 462, 0, 0
1147, 1, 610, 614, 119, 0, 43.71%, 0, 0, 11, 342.36, 366291, 462, 0, 0
1153, 1, 497, 614, 117, 0, 43.71%, 0, 0, 11, 106.26, 366800, 462, 0, 0
1158, 1, 593, 615, 114, 0, 43.71%, 0, 0, 11, 298.82, 368584, 462, 0, 0
1163, 1, 545, 615, 111, 0, 43.71%, 0, 0, 11, 326.16, 370105, 462, 0, 0
1168, 1, 392, 615, 108, 0, 43.71%, 0, 0, 11, 342.45, 371897, 462, 0, 0
1173, 1, 433, 615, 103, 0, 43.71%, 0, 0, 11, 350.41, 373725, 462, 0, 0
1178, 1, 345, 615, 102, 0, 43.71%, 0, 0, 11, 318.30, 375315, 462, 0, 0
1184, 1, 598, 616, 102, 0, 43.71%, 0, 0, 11, 342.16, 377258, 462, 0, 0
1189, 1, 576, 616, 99, 0, 43.71%, 0, 0, 11, 343.96, 379227, 462, 0, 0
1195, 1, 268, 616, 96, 0, 43.71%, 0, 0, 11, 329.57, 380815, 462, 0, 0
1200, 1, 313, 617, 94, 0, 43.71%, 0, 0, 11, 338.62, 382584, 462, 0, 0
1205, 1, 342, 618, 93, 0, 43.71%, 0, 0, 11, 345.04, 384402, 462, 0, 0
1210, 2, 560, 619, 93, 0, 43.71%, 0, 0, 11, 348.94, 386229, 462, 0, 0
1215, 2, 560, 622, 96, 0, 43.71%, 0, 0, 11, 352.28, 388024, 462, 0, 0
1220, 2, 560, 623, 97, 0, 43.90%, 0, 0, 11, 354.50, 389824, 464, 0, 0
1225, 2, 560, 623, 97, 0, 43.90%, 0, 0, 11, 358.32, 391623, 464, 0, 0
1230, 2, 560, 623, 97, 0, 43.90%, 0, 0, 11, 349.88, 393422, 464, 0, 0
1236, 2, 560, 623, 97, 0, 43.90%, 0, 0, 11, 352.19, 395193, 464, 0, 0
1241, 2, 622, 624, 97, 1, 43.90%, 0, 0, 11, 300.93, 396606, 464, 0, 0
1246, 2, 622, 627, 100, 1, 43.90%, 0, 0, 11, 250.59, 397749, 464, 0, 0
1251, 2, 90, 627, 97, 0, 43.90%, 0, 0, 11, 304.94, 399388, 464, 0, 0
1256, 2, 572, 627, 95, 0, 43.90%, 0, 0, 11, 330.72, 401066, 464, 0, 0
1261, 2, 357, 628, 93, 0, 43.90%, 0, 0, 11, 315.93, 402588, 464, 0, 0
1266, 2, 591, 631, 96, 0, 43.90%, 0, 0, 11, 338.12, 404320, 464, 0, 0
1271, 2, 630, 634, 98, 0, 43.90%, 0, 0, 11, 346.74, 406128, 464, 0, 0
1276, 2, 630, 637, 101, 0, 43.90%, 0, 0, 11, 348.64, 407935, 464, 0, 0
1282, 2, 630, 637, 101, 0, 43.90%, 0, 0, 11, 349.12, 409700, 464, 0, 0
1287, 2, 630, 637, 101, 0, 43.90%, 0, 0, 11, 344.96, 411476, 464, 0, 0
1292, 2, 630, 638, 102, 0, 43.90%, 0, 0, 11, 352.89, 413262, 464, 0, 0
1297, 2, 630, 638, 102, 0, 43.90%, 0, 0, 11, 348.15, 415011, 464, 0, 0
1302, 2, 630, 638, 102, 0, 43.90%, 0, 0, 11, 345.47, 416763, 464, 0, 0
1307, 2, 630, 638, 102, 0, 43.90%, 0, 0, 11, 351.96, 418540, 464, 0, 0
1312, 2, 614, 642, 105, 0, 43.90%, 0, 0, 11, 346.70, 420273, 464, 0, 0
1317, 2, 614, 643, 106, 0, 43.90%, 0, 0, 11, 348.64, 422062, 464, 0, 0
1322, 2, 614, 646, 109, 0, 43.90%, 0, 0, 11, 353.41, 423854, 464, 0, 0
1327, 2, 614, 647, 110, 0, 43.90%, 0, 0, 11, 350.87, 425618, 464, 0, 0
1332, 2, 614, 648, 111, 0, 43.90%, 0, 0, 11, 339.99, 427353, 464, 0, 0
1337, 2, 614, 648, 111, 0, 43.90%, 0, 0, 11, 342.58, 429136, 464, 0, 0
1343, 2, 614, 648, 111, 0, 43.90%, 0, 0, 11, 347.69, 430936, 464, 0, 0
1348, 2, 66, 648, 111, 0, 43.90%, 0, 0, 11, 341.35, 432634, 464, 0, 0
1353, 2, 91, 649, 110, 0, 43.90%, 0, 0, 11, 300.75, 434033, 464, 0, 0
1358, 2, 643, 651, 111, 0, 43.90%, 0, 0, 11, 329.78, 435804, 464, 0, 0
1363, 2, 643, 654, 114, 0, 43.90%, 0, 0, 11, 326.24, 437481, 464, 0, 0
1368, 2, 643, 657, 117, 0, 43.90%, 0, 0, 11, 340.06, 439188, 464, 0, 0
1373, 2, 643, 661, 121, 0, 43.90%, 0, 0, 11, 348.99, 440956, 464, 0, 0
1378, 2, 643, 663, 123, 0, 43.90%, 0, 0, 11, 337.18, 442698, 464, 0, 0
1383, 2, 643, 663, 123, 0, 43.90%, 0, 0, 11, 346.18, 444456, 464, 0, 0
1388, 2, 643, 665, 125, 0, 43.90%, 0, 0, 11, 342.96, 446181, 464, 0, 0
1394, 2, 643, 666, 126, 0, 43.90%, 0, 0, 11, 342.66, 447916, 464, 0, 0
1399, 2, 651, 666, 125, 0, 43.90%, 0, 0, 11, 62.74, 449539, 464, 0, 0
1404, 2, 651, 666, 125, 0, 43.90%, 0, 0, 11, 58.05, 449827, 464, 0, 0
1409, 2, 651, 666, 125, 0, 43.90%, 0, 0, 11, 57.43, 450116, 464, 0, 0
1414, 2, 651, 666, 125, 0, 43.90%, 0, 0, 11, 57.03, 450402, 464, 0, 0
1421, 2, 651, 666, 125, 0, 43.90%, 0, 0, 11, 56.82, 450792, 464, 0, 0
1426, 2, 648, 666, 124, 0, 43.90%, 0, 0, 11, 260.93, 451138, 464, 0, 0
1431, 2, 648, 669, 127, 0, 43.90%, 0, 0, 11, 256.75, 452443, 464, 0, 0
1436, 2, 648, 670, 128, 0, 43.90%, 0, 0, 11, 248.02, 453689, 464, 0, 0
1441, 2, 648, 670, 128, 0, 43.90%, 0, 0, 11, 254.94, 455007, 464, 0, 0
1447, 2, 629, 670, 126, 0, 43.90%, 0, 0, 11, 302.57, 456841, 464, 0, 0
1452, 2, 641, 670, 124, 0, 43.90%, 0, 0, 11, 331.32, 458610, 464, 0, 0
1457, 2, 500, 671, 123, 0, 43.90%, 0, 0, 11, 345.59, 460373, 464, 0, 0
1462, 2, 664, 672, 123, 0, 43.90%, 0, 0, 11, 336.39, 462144, 464, 0, 0
1467, 2, 86, 674, 124, 0, 43.90%, 0, 0, 11, 330.67, 463814, 464, 0, 0
1472, 2, 636, 675, 125, 0, 43.90%, 0, 0, 11, 342.89, 465597, 464, 0, 0
1477, 2, 655, 676, 124, 0, 43.90%, 0, 0, 11, 330.13, 467300, 464, 0, 0
1482, 2, 173, 677, 124, 0, 43.90%, 0, 0, 11, 318.80, 468960, 464, 0, 0
1488, 2, 512, 678, 124, 0, 43.90%, 0, 0, 11, 155.32, 469642, 464, 0, 0
1493, 2, 673, 678, 123, 0, 43.90%, 0, 0, 11, 269.83, 471049, 464, 0, 0
1498, 2, 673, 682, 127, 0, 43.90%, 0, 0, 11, 310.13, 472751, 464, 0, 0
1503, 2, 673, 683, 128, 0, 43.90%, 0, 0, 11, 324.93, 474420, 464, 0, 0
1508, 2, 673, 683, 128, 0, 43.90%, 0, 0, 11, 320.10, 476041, 464, 0, 0
1513, 2, 673, 683, 128, 0, 43.90%, 0, 0, 11, 318.93, 477673, 464, 0, 0
1518, 2, 673, 683, 128, 0, 43.90%, 0, 0, 11, 324.22, 479329, 464, 0, 0
1523, 2, 673, 683, 128, 0, 43.90%, 0, 0, 11, 331.51, 481015, 464, 0, 0
1528, 2, 672, 683, 127, 0, 43.90%, 0, 0, 11, 334.23, 482757, 464, 0, 0
1534, 2, 609, 683, 126, 0, 43.90%, 0, 0, 11, 339.39, 484612, 464, 0, 0
1539, 2, 639, 683, 124, 0, 43.90%, 0, 0, 11, 342.03, 486334, 464, 0, 0
1544, 2, 675, 685, 123, 0, 43.90%, 0, 0, 11, 339.62, 488092, 464, 0, 0
1549, 2, 675, 687, 125, 0, 43.90%, 0, 0, 11, 336.75, 489830, 464, 0, 0
1554, 2, 653, 687, 124, 0, 43.90%, 0, 0, 11, 329.65, 491528, 464, 0, 0
1559, 2, 581, 687, 123, 0, 43.90%, 0, 0, 11, 321.23, 493116, 464, 0, 0
1564, 2, 650, 689, 124, 0, 43.90%, 0, 0, 11, 332.35, 494880, 464, 0, 0
1569, 2, 650, 690, 125, 0, 43.90%, 0, 0, 11, 340.51, 496604, 464, 0, 0
1575, 2, 563, 690, 124, 0, 43.90%, 0, 0, 11, 26.09, 497484, 464, 0, 0
1580, 2, 463, 690, 123, 0, 43.90%, 0, 0, 11, 26.30, 497615, 464, 0, 0
1585, 2, 671, 691, 121, 0, 43.90%, 0, 0, 11, 374.24, 499565, 464, 0, 0
1591, 2, 635, 692, 121, 0, 43.90%, 0, 0, 11, 356.90, 501742, 464, 0, 0
1596, 2, 685, 693, 121, 0, 43.90%, 0, 0, 12, 362.57, 503567, 464, 0, 0
1601, 2, 588, 695, 121, 0, 43.90%, 0, 0, 12, 356.00, 505369, 464, 0, 0
1606, 2, 670, 695, 119, 0, 43.90%, 0, 0, 12, 355.24, 507168, 464, 0, 0
1611, 2, 637, 695, 117, 0, 43.90%, 0, 0, 12, 346.34, 508933, 464, 0, 0
1617, 2, 637, 698, 120, 0, 43.90%, 0, 0, 12, 342.93, 510708, 464, 0, 0
1622, 2, 637, 699, 121, 0, 43.90%, 0, 0, 12, 346.48, 512443, 464, 0, 0
1628, 2, 647, 699, 120, 0, 43.90%, 0, 0, 12, 357.60, 514808, 464, 0, 0
1633, 2, 697, 699, 119, 0, 43.90%, 0, 0, 12, 363.26, 516629, 464, 0, 0
1638, 2, 697, 702, 122, 0, 43.90%, 0, 0, 12, 361.47, 518455, 464, 0, 0
1643, 2, 697, 702, 122, 0, 43.90%, 0, 0, 12, 362.36, 520261, 464, 0, 0
1649, 2, 505, 702, 121, 0, 43.90%, 0, 0, 12, 365.18, 522236, 464, 0, 0
1654, 2, 646, 702, 120, 0, 43.90%, 0, 0, 12, 366.57, 524315, 464, 0, 0
1659, 2, 677, 702, 117, 0, 43.90%, 0, 0, 12, 71.38, 525733, 464, 0, 0
1665, 2, 677, 702, 117, 0, 43.90%, 0, 0, 12, 75.57, 526124, 464, 0, 0
1670, 2, 642, 702, 116, 0, 43.90%, 0, 0, 12, 215.45, 527120, 464, 0, 0
1675, 2, 701, 702, 114, 0, 43.90%, 0, 0, 12, 308.29, 529011, 464, 0, 0
1680, 2, 701, 704, 116, 0, 43.90%, 0, 0, 12, 356.60, 530857, 464, 0, 0
1685, 2, 700, 704, 115, 0, 43.90%, 0, 0, 12, 359.78, 532708, 464, 0, 0
1690, 2, 634, 704, 113, 0, 43.90%, 0, 0, 12, 372.96, 534571, 464, 0, 0
1695, 2, 654, 704, 110, 0, 43.90%, 0, 0, 12, 381.55, 536383, 464, 0, 0
1702, 2, 654, 704, 110, 0, 43.90%, 0, 0, 12, 368.95, 538981, 464, 0, 0
1707, 2, 652, 704, 106, 0, 43.90%, 0, 0, 12, 367.38, 540844, 464, 0, 0
1712, 2, 699, 704, 105, 0, 43.90%, 0, 0, 12, 374.54, 542715, 464, 0, 0
1717, 2, 666, 704, 104, 0, 43.90%, 0, 0, 12, 311.85, 544340, 464, 0, 0
1722, 2, 666, 704, 104, 0, 43.90%, 0, 0, 12, 232.64, 545285, 464, 0, 0
1727, 2, 685, 705, 103, 0, 43.90%, 0, 0, 12, 330.96, 547141, 464, 0, 0
1732, 2, 627, 705, 103, 0, 43.90%, 0, 0, 12, 348.52, 548883, 464, 0, 0
1738, 2, 1, 705, 101, 0, 43.90%, 0, 0, 12, 358.42, 550841, 464, 0, 0
1743, 2, 334, 705, 98, 0, 43.90%, 0, 0, 12, 373.25, 552752, 464, 0, 0
1748, 2, 544, 705, 97, 0, 43.90%, 0, 0, 12, 375.17, 554648, 464, 0, 0
1753, 2, 663, 706, 97, 0, 43.90%, 0, 0, 12, 354.40, 556467, 464, 0, 0
1758, 2, 663, 709, 100, 0, 43.90%, 0, 0, 12, 351.77, 558253, 464, 0, 0
1765, 2, 644, 709, 99, 0, 43.90%, 0, 0, 12, 370.31, 560694, 464, 0, 0
1770, 2, 689, 710, 99, 0, 43.90%, 0, 0, 12, 313.56, 562313, 464, 0, 0
1775, 2, 689, 712, 101, 0, 43.90%, 0, 0, 12, 259.78, 563574, 464, 0, 0
1780, 2, 689, 712, 101, 0, 43.90%, 0, 0, 12, 255.80, 564859, 464, 0, 0
1785, 2, 539, 712, 99, 0, 43.90%, 0, 0, 12, 319.71, 566697, 464, 0, 0
1790, 2, 710, 713, 99, 0, 43.90%, 0, 0, 12, 186.52, 567675, 464, 0, 0
1795, 2, 710, 713, 99, 0, 43.90%, 0, 0, 12, 97.88, 568059, 464, 0, 0
1800, 2, 710, 713, 99, 0, 43.90%, 0, 0, 12, 77.37, 568421, 464, 0, 0
1805, 2, 710, 713, 99, 0, 43.90%, 0, 0, 12, 71.45, 568775, 464, 0, 0
1812, 2, 710, 713, 99, 0, 43.90%, 0, 0, 12, 71.96, 569270, 464, 0, 0
1817, 2, 710, 716, 102, 0, 43.90%, 0, 0, 12, 79.87, 569685, 464, 0, 0
1822, 2, 710, 716, 102, 0, 43.90%, 0, 0, 12, 79.62, 570096, 464, 0, 0
1828, 2, 710, 716, 102, 0, 43.90%, 0, 0, 12, 80.56, 570507, 464, 0, 0
1833, 2, 710, 716, 102, 0, 43.90%, 0, 0, 12, 79.78, 570917, 464, 0, 0
1838, 2, 662, 716, 101, 0, 43.90%, 0, 0, 12, 240.89, 572096, 464, 0, 0
1843, 2, 662, 717, 102, 0, 43.90%, 0, 0, 12, 305.07, 573870, 464, 0, 0
1848, 2, 661, 717, 101, 0, 43.90%, 0, 0, 12, 331.63, 575663, 464, 0, 0
1853, 2, 681, 717, 97, 0, 43.90%, 0, 0, 12, 339.49, 577419, 464, 0, 0
1859, 2, 681, 719, 99, 0, 43.90%, 0, 0, 12, 329.18, 579113, 464, 0, 0
1864, 2, 46, 719, 98, 0, 43.90%, 0, 0, 12, 350.36, 580919, 464, 0, 0
1869, 2, 706, 719, 97, 0, 43.90%, 0, 0, 12, 353.18, 582781, 464, 0, 0
1874, 2, 706, 721, 99, 0, 43.90%, 0, 0, 12, 338.14, 584458, 464, 0, 0
1879, 2, 717, 722, 98, 0, 43.90%, 0, 0, 12, 344.34, 586242, 464, 0, 0
1884, 2, 717, 722, 98, 0, 43.90%, 0, 0, 12, 166.74, 586845, 464, 0, 0
1890, 2, 717, 722, 98, 0, 43.90%, 0, 0, 12, 130.54, 587593, 464, 0, 0
1896, 2, 674, 722, 95, 0, 43.90%, 0, 0, 12, 261.43, 588893, 464, 0, 0
1901, 2, 702, 724, 95, 0, 43.90%, 0, 0, 12, 333.29, 590728, 464, 0, 0
1906, 2, 702, 724, 95, 0, 43.90%, 0, 0, 12, 347.52, 592553, 464, 0, 0
1911, 2, 657, 724, 94, 0, 43.90%, 0, 0, 12, 358.03, 594400, 464, 0, 0
1916, 2, 709, 724, 93, 0, 43.90%, 0, 0, 12, 346.89, 596116, 464, 0, 0
1921, 2, 705, 725, 92, 0, 43.90%, 0, 0, 12, 284.87, 597682, 464, 0, 0
1926, 2, 705, 725, 92, 0, 43.90%, 0, 0, 12, 119.81, 598043, 464, 0, 0
1931, 2, 705, 725, 92, 0, 43.90%, 0, 0, 12, 81.63, 598406, 464, 0, 0
1936, 2, 705, 725, 92, 0, 43.90%, 0, 0, 12, 74.70, 598782, 464, 0, 0
1941, 2, 705, 725, 92, 0, 43.90%, 0, 0, 12, 74.05, 599150, 464, 0, 0
1946, 2, 705, 726, 93, 0, 43.90%, 0, 0, 12, 75.94, 599534, 464, 0, 0
1952, 2, 638, 726, 92, 0, 43.90%, 0, 0, 12, 264.87, 601105, 464, 0, 0
1957, 2, 104, 726, 91, 0, 43.90%, 0, 0, 12, 329.83, 602990, 464, 0, 0
1962, 2, 660, 726, 89, 0, 43.90%, 0, 0, 12, 353.42, 604564, 464, 0, 0
1967, 2, 660, 726, 89, 0, 43.90%, 0, 0, 12, 347.89, 606369, 464, 0, 0
1972, 2, 686, 726, 88, 0, 43.90%, 0, 0, 12, 347.07, 608125, 464, 0, 0
1977, 2, 230, 726, 87, 0, 43.90%, 0, 0, 12, 352.74, 609947, 464, 0, 0
1982, 2, 676, 726, 87, 0, 43.90%, 0, 0, 12, 329.53, 611575, 464, 0, 0
1987, 2, 658, 727, 87, 0, 43.90%, 0, 0, 12, 335.01, 613249, 464, 0, 0
1992, 2, 679, 727, 85, 0, 43.90%, 0, 0, 12, 344.51, 615028, 464, 0, 0
1998, 2, 679, 727, 85, 0, 43.90%, 0, 0, 12, 356.20, 617027, 464, 0, 0
2003, 2, 724, 727, 84, 0, 43.90%, 0, 0, 12, 370.81, 618955, 464, 0, 0
2008, 2, 718, 727, 83, 0, 43.90%, 0, 0, 12, 338.64, 620711, 464, 0, 0
2013, 2, 723, 729, 83, 0, 43.90%, 0, 0, 12, 338.56, 622454, 464, 0, 0
2018, 2, 633, 729, 81, 0, 43.90%, 0, 0, 12, 346.71, 624263, 464, 0, 0
2024, 2, 626, 729, 80, 0, 43.90%, 0, 0, 12, 285.32, 625806, 464, 0, 0
2030, 2, 626, 729, 80, 0, 43.90%, 0, 0, 12, 170.99, 626618, 464, 0, 0
2035, 2, 649, 729, 79, 0, 43.90%, 0, 0, 12, 262.11, 627819, 464, 0, 0
2040, 2, 716, 729, 78, 0, 43.90%, 0, 0, 12, 331.93, 629656, 464, 0, 0
2045, 2, 716, 731, 80, 0, 43.90%, 0, 0, 12, 340.72, 631376, 464, 0, 0
2050, 2, 378, 731, 78, 0, 43.90%, 0, 0, 12, 346.75, 633199, 464, 0, 0
2055, 2, 390, 731, 78, 0, 43.90%, 0, 0, 12, 311.96, 634529, 464, 0, 0
2060, 2, 722, 732, 79, 0, 43.90%, 0, 0, 12, 335.47, 636258, 464, 0, 0
2065, 2, 720, 732, 78, 0, 43.90%, 0, 0, 12, 320.09, 637860, 464, 0, 0
2070, 2, 622, 733, 78, 0, 43.90%, 0, 0, 12, 319.01, 639513, 464, 0, 0
2076, 2, 731, 733, 77, 0, 43.90%, 0, 0, 12, 334.14, 641196, 464, 0, 0
2081, 2, 678, 733, 76, 0, 43.90%, 0, 0, 12, 322.64, 642899, 464, 0, 0
2086, 2, 678, 733, 76, 0, 43.90%, 0, 0, 12, 326.90, 644712, 464, 0, 0
2091, 2, 729, 733, 75, 0, 43.90%, 0, 0, 12, 324.31, 646343, 464, 0, 0
2096, 2, 484, 733, 73, 0, 43.90%, 0, 0, 12, 332.46, 648071, 464, 0, 0
2102, 2, 520, 733, 73, 0, 43.90%, 0, 0, 12, 319.76, 649682, 464, 0, 0
2107, 2, 313, 733, 70, 0, 43.90%, 0, 0, 12, 322.22, 651266, 464, 0, 0
2114, 2, 696, 733, 68, 0, 43.90%, 0, 0, 12, 331.39, 653653, 464, 0, 0
2119, 2, 628, 733, 67, 0, 43.90%, 0, 0, 12, 294.23, 655073, 464, 0, 0
2124, 2, 730, 733, 66, 0, 43.90%, 0, 0, 12, 322.99, 656762, 464, 0, 0
2129, 2, 730, 735, 68, 0, 43.90%, 0, 0, 12, 312.53, 658386, 464, 0, 0
2134, 2, 76, 735, 65, 0, 43.90%, 0, 0, 12, 327.37, 660089, 464, 0, 0
2140, 2, 506, 735, 64, 0, 43.90%, 0, 0, 12, 334.49, 661993, 464, 0, 0
2145, 2, 684, 735, 62, 0, 43.90%, 0, 0, 12, 340.91, 663759, 464, 0, 0
2150, 2, 625, 735, 61, 0, 43.90%, 0, 0, 12, 31.95, 664485, 464, 0, 0
2155, 2, 625, 735, 61, 0, 43.90%, 0, 0, 12, 31.67, 664649, 464, 0, 0
2160, 2, 625, 735, 61, 0, 43.90%, 0, 0, 12, 31.46, 664809, 464, 0, 0
2165, 2, 625, 735, 61, 0, 43.90%, 0, 0, 12, 31.38, 664968, 464, 0, 0
2170, 2, 625, 735, 61, 0, 43.90%, 0, 0, 12, 31.45, 665127, 464, 0, 0
2175, 2, 625, 735, 61, 0, 43.90%, 0, 0, 12, 31.81, 665287, 464, 0, 0
2180, 2, 625, 735, 61, 0, 43.90%, 0, 0, 12, 31.67, 665447, 464, 0, 0
2187, 2, 625, 735, 61, 0, 43.90%, 0, 0, 12, 31.98, 665653, 464, 0, 0
2192, 2, 665, 735, 60, 0, 43.90%, 0, 0, 12, 340.67, 666735, 464, 0, 0
2197, 2, 665, 736, 61, 0, 43.90%, 0, 0, 12, 340.66, 668533, 464, 0, 0
2202, 2, 669, 736, 60, 0, 43.90%, 0, 0, 12, 285.55, 670053, 464, 0, 0
2207, 2, 669, 736, 60, 0, 43.90%, 0, 0, 12, 246.41, 671255, 464, 0, 0
2212, 2, 669, 739, 63, 0, 43.90%, 0, 0, 12, 232.90, 672455, 464, 0, 0
2218, 2, 551, 739, 62, 0, 43.90%, 0, 0, 12, 246.35, 673691, 464, 0, 0
2225, 2, 682, 739, 62, 0, 43.90%, 0, 0, 12, 305.06, 675953, 464, 0, 0
2230, 2, 715, 739, 60, 0, 43.90%, 0, 0, 12, 180.78, 676883, 464, 0, 0
2235, 2, 715, 739, 60, 0, 43.90%, 0, 0, 12, 92.63, 677228, 464, 0, 0
2240, 2, 715, 739, 60, 0, 43.90%, 0, 0, 12, 73.23, 677583, 464, 0, 0
2245, 2, 715, 739, 60, 0, 43.90%, 0, 0, 12, 69.36, 677937, 464, 0, 0
2250, 2, 715, 739, 60, 0, 43.90%, 0, 0, 12, 69.05, 678292, 464, 0, 0
2256, 2, 715, 739, 60, 0, 43.90%, 0, 0, 12, 68.30, 678645, 464, 0, 0
2261, 2, 659, 739, 58, 0, 43.90%, 0, 0, 12, 258.54, 680062, 464, 0, 0
2266, 2, 659, 740, 59, 0, 43.90%, 0, 0, 12, 302.54, 681791, 464, 0, 0
2271, 2, 488, 741, 59, 0, 43.90%, 0, 0, 12, 309.84, 683327, 464, 0, 0
2276, 2, 656, 742, 60, 0, 43.90%, 0, 0, 12, 327.73, 684971, 464, 0, 0
2281, 2, 462, 743, 60, 0, 43.90%, 0, 0, 12, 338.11, 686673, 464, 0, 0
2286, 2, 620, 743, 59, 0, 43.90%, 0, 0, 12, 339.70, 688458, 464, 0, 0
2291, 2, 692, 743, 57, 0, 43.90%, 0, 0, 12, 327.79, 690120, 464, 0, 0
2296, 2, 334, 744, 57, 0, 43.90%, 0, 0, 13, 326.26, 691760, 464, 0, 0
2301, 2, 725, 744, 57, 0, 43.90%, 0, 0, 13, 38.12, 692492, 464, 0, 0
2306, 2, 725, 744, 57, 0, 43.90%, 0, 0, 13, 38.16, 692686, 464, 0, 0
2311, 2, 725, 744, 57, 0, 43.90%, 0, 0, 13, 37.99, 692879, 464, 0, 0
2317, 2, 725, 744, 57, 0, 43.90%, 0, 0, 13, 38.03, 693072, 464, 0, 0
2322, 2, 725, 744, 57, 0, 43.90%, 0, 0, 13, 37.13, 693262, 464, 0, 0
2327, 2, 725, 744, 57, 0, 43.90%, 0, 0, 13, 37.50, 693453, 464, 0, 0
2332, 2, 725, 744, 57, 0, 43.90%, 0, 0, 13, 37.62, 693651, 464, 0, 0
2337, 2, 743, 744, 56, 0, 43.90%, 0, 0, 13, 342.75, 694621, 464, 0, 0
2342, 2, 743, 745, 57, 0, 43.90%, 0, 0, 14, 334.47, 696344, 464, 0, 0
2347, 2, 741, 745, 55, 0, 43.90%, 0, 0, 14, 337.04, 698064, 464, 0, 0
2352, 2, 741, 745, 55, 0, 43.90%, 0, 0, 14, 335.16, 699781, 464, 0, 0
2357, 2, 736, 745, 54, 0, 43.90%, 0, 0, 14, 309.47, 701364, 464, 0, 0
2363, 2, 736, 745, 54, 0, 43.90%, 0, 0, 14, 194.88, 702213, 464, 0, 0
2368, 2, 433, 745, 53, 0, 43.90%, 0, 0, 14, 200.66, 703142, 464, 0, 0
2374, 2, 734, 745, 53, 0, 43.90%, 0, 0, 14, 291.25, 705133, 464, 0, 0
2379, 2, 734, 747, 55, 0, 43.90%, 0, 0, 14, 316.26, 706731, 464, 0, 0
2384, 2, 693, 747, 54, 0, 43.90%, 0, 0, 14, 312.76, 708341, 464, 0, 0
2389, 2, 713, 747, 53, 0, 43.90%, 0, 0, 14, 253.36, 709717, 464, 0, 0
2394, 2, 713, 747, 53, 0, 43.90%, 0, 0, 14, 144.08, 710320, 464, 0, 0
2399, 2, 713, 747, 53, 0, 43.90%, 0, 0, 14, 128.21, 710916, 464, 0, 0
2400, 2, 713, 747, 53, 0, 43.90%, 0, 0, 14, 123.16, 710972, 464, 0, 0
