# relative_time, cycles_done, cur_item, corpus_count, pending_total, pending_favs, map_size, saved_crashes, saved_hangs, max_depth, execs_per_sec, total_execs, edges_found, total_crashes, servers_count
61, 1, 19, 34, 4, 0, 7.05%, 0, 0, 3, 317.48, 19605, 26, 0, 0
66, 2, 19, 34, 3, 0, 7.05%, 0, 0, 3, 328.44, 21258, 26, 0, 0
71, 2, 1, 34, 3, 0, 7.05%, 0, 0, 3, 325.29, 22877, 26, 0, 0
76, 3, 5, 34, 1, 0, 7.05%, 0, 0, 3, 326.23, 24514, 26, 0, 0
81, 3, 19, 34, 1, 0, 7.05%, 0, 0, 3, 325.48, 26159, 26, 0, 0
86, 4, 19, 34, 1, 0, 7.05%, 0, 0, 3, 330.86, 27844, 26, 0, 0
91, 4, 14, 34, 0, 0, 7.05%, 0, 0, 3, 328.24, 29487, 26, 0, 0
96, 5, 19, 34, 0, 0, 7.05%, 0, 0, 3, 332.64, 31166, 26, 0, 0
101, 6, 8, 34, 0, 0, 7.05%, 0, 0, 3, 329.97, 32879, 26, 0, 0
106, 6, 19, 34, 0, 0, 7.05%, 0, 0, 3, 324.94, 34516, 26, 0, 0
111, 7, 27, 34, 0, 0, 7.05%, 0, 0, 3, 322.39, 36142, 26, 0, 0
116, 7, 19, 34, 0, 0, 7.05%, 0, 0, 3, 320.91, 37766, 26, 0, 0
121, 8, 27, 34, 0, 0, 7.05%, 0, 0, 3, 329.37, 39418, 26, 0, 0
126, 8, 27, 35, 1, 0, 7.05%, 0, 0, 3, 325.55, 41070, 26, 0, 0
132, 9, 5, 35, 0, 0, 7.05%, 0, 0, 3, 329.85, 42770, 26, 0, 0
137, 9, 34, 35, 0, 0, 7.05%, 0, 0, 3, 320.30, 44379, 26, 0, 0
142, 10, 25, 35, 0, 0, 7.05%, 0, 0, 3, 320.10, 45991, 26, 0, 0
147, 10, 29, 35, 0, 0, 7.05%, 0, 0, 3, 327.78, 47655, 26, 0, 0
152, 11, 19, 35, 0, 0, 7.05%, 0, 0, 3, 319.28, 49299, 26, 0, 0
157, 11, 19, 35, 0, 0, 7.05%, 0, 0, 3, 317.57, 50913, 26, 0, 0
162, 12, 19, 35, 0, 0, 7.05%, 0, 0, 3, 307.51, 52454, 26, 0, 0
167, 12, 26, 35, 0, 0, 7.05%, 0, 0, 3, 312.13, 54042, 26, 0, 0
172, 13, 19, 35, 0, 0, 7.05%, 0, 0, 3, 324.58, 55704, 26, 0, 0
177, 13, 5, 35, 0, 0, 7.05%, 0, 0, 3, 322.18, 57332, 26, 0, 0
182, 14, 26, 35, 0, 0, 7.05%, 0, 0, 3, 323.14, 58944, 26, 0, 0
187, 14, 19, 35, 0, 0, 7.05%, 0, 0, 3, 336.18, 60729, 26, 0, 0
192, 15, 27, 35, 0, 0, 7.05%, 0, 0, 3, 317.70, 62291, 26, 0, 0
197, 15, 27, 35, 0, 0, 7.05%, 0, 0, 3, 324.57, 63957, 26, 0, 0
202, 16, 19, 35, 0, 0, 7.05%, 0, 0, 3, 346.41, 65799, 26, 0, 0
208, 17, 19, 35, 0, 0, 7.05%, 0, 0, 3, 354.13, 67627, 26, 0, 0
213, 17, 13, 35, 0, 0, 7.05%, 0, 0, 3, 353.67, 69460, 26, 0, 0
218, 18, 5, 35, 0, 0, 7.05%, 0, 0, 3, 318.85, 71070, 26, 0, 0
223, 18, 17, 35, 0, 0, 7.05%, 0, 0, 3, 307.40, 72661, 26, 0, 0
228, 19, 19, 35, 0, 0, 7.05%, 0, 0, 3, 317.54, 74330, 26, 0, 0
234, 19, 27, 35, 0, 0, 7.05%, 0, 0, 3, 328.09, 76033, 26, 0, 0
239, 20, 19, 35, 0, 0, 7.05%, 0, 0, 3, 313.99, 77626, 26, 0, 0
244, 20, 27, 35, 0, 0, 7.05%, 0, 0, 3, 319.41, 79264, 26, 0, 0
249, 21, 19, 35, 0, 0, 7.05%, 0, 0, 3, 321.68, 80943, 26, 0, 0
254, 21, 5, 35, 0, 0, 7.05%, 0, 0, 3, 325.93, 82564, 26, 0, 0
259, 22, 27, 35, 0, 0, 7.05%, 0, 0, 3, 322.64, 84217, 26, 0, 0
264, 22, 27, 35, 0, 0, 7.05%, 0, 0, 3, 326.81, 85911, 26, 0, 0
269, 23, 27, 35, 0, 0, 7.05%, 0, 0, 3, 329.34, 87581, 26, 0, 0
275, 23, 5, 35, 0, 0, 7.05%, 0, 0, 3, 344.20, 89408, 26, 0, 0
280, 24, 25, 35, 0, 0, 7.05%, 0, 0, 3, 339.15, 91181, 26, 0, 0
285, 24, 27, 35, 0, 0, 7.05%, 0, 0, 3, 327.37, 92833, 26, 0, 0
290, 25, 27, 35, 0, 0, 7.05%, 0, 0, 3, 325.91, 94514, 26, 0, 0
295, 25, 17, 35, 0, 0, 7.05%, 0, 0, 3, 336.78, 96227, 26, 0, 0
300, 26, 19, 35, 0, 0, 7.05%, 0, 0, 3, 323.01, 97893, 26, 0, 0
305, 26, 34, 35, 0, 0, 7.05%, 0, 0, 3, 319.96, 99518, 26, 0, 0
310, 27, 19, 35, 0, 0, 7.05%, 0, 0, 3, 318.11, 101095, 26, 0, 0
315, 27, 27, 35, 0, 0, 7.05%, 0, 0, 3, 319.61, 102756, 26, 0, 0
320, 28, 27, 35, 0, 0, 7.05%, 0, 0, 3, 319.15, 104355, 26, 0, 0
325, 28, 8, 35, 0, 0, 7.05%, 0, 0, 3, 322.25, 106005, 26, 0, 0
331, 29, 19, 35, 0, 0, 7.05%, 0, 0, 3, 309.96, 107557, 26, 0, 0
336, 29, 27, 35, 0, 0, 7.05%, 0, 0, 3, 311.69, 109182, 26, 0, 0
341, 30, 27, 35, 0, 0, 7.05%, 0, 0, 3, 308.31, 110738, 26, 0, 0
346, 30, 14, 35, 0, 0, 7.05%, 0, 0, 3, 320.07, 112355, 26, 0, 0
351, 31, 25, 35, 0, 0, 7.05%, 0, 0, 3, 324.05, 114043, 26, 0, 0
356, 31, 19, 35, 0, 0, 7.05%, 0, 0, 3, 330.47, 115700, 26, 0, 0
361, 32, 27, 35, 0, 0, 7.05%, 0, 0, 3, 337.95, 117399, 26, 0, 0
366, 32, 5, 35, 0, 0, 7.05%, 0, 0, 3, 326.93, 119044, 26, 0, 0
371, 33, 25, 35, 0, 0, 7.05%, 0, 0, 3, 324.72, 120692, 26, 0, 0
376, 33, 19, 35, 0, 0, 7.05%, 0, 0, 3, 321.36, 122306, 26, 0, 0
381, 34, 19, 35, 0, 0, 7.05%, 0, 0, 3, 323.79, 123927, 26, 0, 0
386, 34, 5, 35, 0, 0, 7.05%, 0, 0, 3, 334.47, 125602, 26, 0, 0
391, 35, 27, 35, 0, 0, 7.05%, 0, 0, 3, 341.06, 127356, 26, 0, 0
396, 36, 19, 35, 0, 0, 7.05%, 0, 0, 3, 342.69, 129131, 26, 0, 0
402, 36, 7, 35, 0, 0, 7.05%, 0, 0, 3, 343.63, 130906, 26, 0, 0
407, 37, 19, 35, 0, 0, 7.05%, 0, 0, 3, 340.89, 132681, 26, 0, 0
412, 37, 19, 35, 0, 0, 7.05%, 0, 0, 3, 340.31, 134430, 26, 0, 0
417, 37, 5, 35, 0, 0, 7.05%, 0, 0, 3, 338.77, 136113, 26, 0, 0
422, 38, 5, 35, 0, 0, 7.05%, 0, 0, 3, 344.99, 137901, 26, 0, 0
427, 39, 5, 35, 0, 0, 7.05%, 0, 0, 3, 341.25, 139607, 26, 0, 0
432, 39, 19, 35, 0, 0, 7.05%, 0, 0, 3, 334.91, 141299, 26, 0, 0
437, 40, 27, 35, 0, 0, 7.05%, 0, 0, 3, 336.55, 142980, 26, 0, 0
442, 40, 19, 35, 0, 0, 7.05%, 0, 0, 3, 331.03, 144637, 26, 0, 0
447, 41, 27, 35, 0, 0, 7.05%, 0, 0, 3, 340.97, 146405, 26, 0, 0
453, 41, 19, 35, 0, 0, 7.05%, 0, 0, 3, 340.75, 148163, 26, 0, 0
458, 42, 27, 35, 0, 0, 7.05%, 0, 0, 3, 336.16, 149864, 26, 0, 0
463, 43, 33, 35, 0, 0, 7.05%, 0, 0, 3, 329.20, 151563, 26, 0, 0
468, 43, 5, 35, 0, 0, 7.05%, 0, 0, 3, 333.41, 153245, 26, 0, 0
473, 44, 25, 35, 0, 0, 7.05%, 0, 0, 3, 327.33, 154920, 26, 0, 0
478, 44, 27, 35, 0, 0, 7.05%, 0, 0, 3, 337.84, 156677, 26, 0, 0
483, 45, 27, 35, 0, 0, 7.05%, 0, 0, 3, 345.76, 158480, 26, 0, 0
488, 45, 19, 35, 0, 0, 7.05%, 0, 0, 3, 327.51, 160089, 26, 0, 0
493, 46, 12, 35, 0, 0, 7.05%, 0, 0, 3, 315.72, 161663, 26, 0, 0
498, 46, 33, 35, 0, 0, 7.05%, 0, 0, 3, 320.68, 163267, 26, 0, 0
503, 47, 14, 35, 0, 0, 7.05%, 0, 0, 3, 326.62, 164920, 26, 0, 0
508, 48, 34, 35, 0, 0, 7.05%, 0, 0, 3, 316.73, 166488, 26, 0, 0
513, 48, 19, 35, 0, 0, 7.05%, 0, 0, 3, 330.69, 168142, 26, 0, 0
518, 48, 19, 35, 0, 0, 7.05%, 0, 0, 3, 327.35, 169780, 26, 0, 0
523, 49, 12, 35, 0, 0, 7.05%, 0, 0, 3, 335.66, 171477, 26, 0, 0
529, 50, 27, 35, 0, 0, 7.05%, 0, 0, 3, 331.84, 173187, 26, 0, 0
534, 50, 27, 35, 0, 0, 7.05%, 0, 0, 3, 334.24, 174867, 26, 0, 0
539, 51, 27, 35, 0, 0, 7.05%, 0, 0, 3, 338.52, 176570, 26, 0, 0
544, 51, 14, 35, 0, 0, 7.05%, 0, 0, 3, 334.14, 178245, 26, 0, 0
549, 52, 5, 35, 0, 0, 7.05%, 0, 0, 3, 327.79, 179902, 26, 0, 0
554, 52, 27, 35, 0, 0, 7.05%, 0, 0, 3, 340.31, 181675, 26, 0, 0
559, 53, 27, 35, 0, 0, 7.05%, 0, 0, 3, 331.55, 183355, 26, 0, 0
564, 53, 5, 35, 0, 0, 7.05%, 0, 0, 3, 353.18, 185145, 26, 0, 0
569, 54, 17, 35, 0, 0, 7.05%, 0, 0, 3, 347.20, 186918, 26, 0, 0
574, 55, 34, 35, 0, 0, 7.05%, 0, 0, 3, 341.76, 188621, 26, 0, 0
579, 55, 19, 35, 0, 0, 7.05%, 0, 0, 3, 333.80, 190367, 26, 0, 0
585, 56, 27, 35, 0, 0, 7.05%, 0, 0, 3, 355.82, 192248, 26, 0, 0
590, 56, 5, 35, 0, 0, 7.05%, 0, 0, 3, 344.94, 193969, 26, 0, 0
595, 57, 27, 35, 0, 0, 7.05%, 0, 0, 3, 341.01, 195736, 26, 0, 0
600, 57, 34, 35, 0, 0, 7.05%, 0, 0, 3, 329.38, 197427, 26, 0, 0
605, 58, 27, 35, 0, 0, 7.05%, 0, 0, 3, 329.42, 199133, 26, 0, 0
610, 58, 27, 35, 0, 0, 7.05%, 0, 0, 3, 335.98, 200845, 26, 0, 0
615, 59, 19, 35, 0, 0, 7.05%, 0, 0, 3, 333.93, 202525, 26, 0, 0
620, 59, 19, 35, 0, 0, 7.05%, 0, 0, 3, 340.14, 204275, 26, 0, 0
625, 60, 33, 35, 0, 0, 7.05%, 0, 0, 3, 349.61, 206020, 26, 0, 0
631, 60, 27, 35, 0, 0, 7.05%, 0, 0, 3, 325.23, 207633, 26, 0, 0
636, 61, 19, 35, 0, 0, 7.05%, 0, 0, 3, 337.78, 209363, 26, 0, 0
641, 61, 19, 35, 0, 0, 7.05%, 0, 0, 3, 332.48, 210999, 26, 0, 0
646, 62, 29, 35, 0, 0, 7.05%, 0, 0, 3, 333.41, 212733, 26, 0, 0
651, 62, 21, 35, 0, 0, 7.05%, 0, 0, 3, 336.21, 214437, 26, 0, 0
656, 63, 7, 35, 0, 0, 7.05%, 0, 0, 3, 325.61, 216051, 26, 0, 0
661, 63, 34, 35, 0, 0, 7.05%, 0, 0, 3, 327.63, 217708, 26, 0, 0
666, 64, 19, 35, 0, 0, 7.05%, 0, 0, 3, 335.02, 219417, 26, 0, 0
671, 64, 27, 35, 0, 0, 7.05%, 0, 0, 3, 334.82, 221193, 26, 0, 0
676, 65, 27, 35, 0, 0, 7.05%, 0, 0, 3, 318.56, 222855, 26, 0, 0
682, 65, 19, 35, 0, 0, 7.05%, 0, 0, 3, 325.12, 224537, 26, 0, 0
687, 66, 27, 35, 0, 0, 7.05%, 0, 0, 3, 316.43, 226164, 26, 0, 0
692, 66, 17, 35, 0, 0, 7.05%, 0, 0, 3, 317.88, 227774, 26, 0, 0
697, 67, 34, 35, 0, 0, 7.05%, 0, 0, 3, 322.52, 229448, 26, 0, 0
702, 67, 33, 35, 0, 0, 7.05%, 0, 0, 3, 328.19, 231105, 26, 0, 0
707, 68, 27, 35, 0, 0, 7.05%, 0, 0, 3, 326.51, 232793, 26, 0, 0
712, 68, 19, 35, 0, 0, 7.05%, 0, 0, 3, 329.62, 234443, 26, 0, 0
717, 69, 5, 35, 0, 0, 7.05%, 0, 0, 3, 329.44, 236095, 26, 0, 0
722, 69, 15, 35, 0, 0, 7.05%, 0, 0, 3, 338.75, 237793, 26, 0, 0
727, 70, 34, 35, 0, 0, 7.05%, 0, 0, 3, 327.99, 239451, 26, 0, 0
733, 70, 27, 35, 0, 0, 7.05%, 0, 0, 3, 328.46, 241150, 26, 0, 0
738, 71, 16, 35, 0, 0, 7.05%, 0, 0, 3, 329.61, 242812, 26, 0, 0
743, 71, 27, 35, 0, 0, 7.05%, 0, 0, 3, 325.40, 244450, 26, 0, 0
748, 72, 19, 35, 0, 0, 7.05%, 0, 0, 3, 329.32, 246100, 26, 0, 0
753, 73, 19, 35, 0, 0, 7.05%, 0, 0, 3, 342.69, 247874, 26, 0, 0
758, 73, 27, 35, 0, 0, 7.05%, 0, 0, 3, 346.42, 249671, 26, 0, 0
763, 74, 34, 35, 0, 0, 7.05%, 0, 0, 3, 318.08, 251310, 26, 0, 0
768, 74, 27, 35, 0, 0, 7.05%, 0, 0, 3, 327.80, 253001, 26, 0, 0
773, 74, 19, 35, 0, 0, 7.05%, 0, 0, 3, 324.27, 254620, 26, 0, 0
778, 75, 27, 35, 0, 0, 7.05%, 0, 0, 3, 321.40, 256230, 26, 0, 0
784, 75, 19, 35, 0, 0, 7.05%, 0, 0, 3, 323.74, 257857, 26, 0, 0
789, 76, 19, 35, 0, 0, 7.05%, 0, 0, 3, 343.42, 259582, 26, 0, 0
794, 76, 5, 35, 0, 0, 7.05%, 0, 0, 3, 346.67, 261395, 26, 0, 0
799, 77, 27, 35, 0, 0, 7.05%, 0, 0, 3, 349.43, 263182, 26, 0, 0
804, 78, 27, 35, 0, 0, 7.05%, 0, 0, 3, 348.77, 264975, 26, 0, 0
809, 78, 27, 35, 0, 0, 7.05%, 0, 0, 3, 341.72, 266757, 26, 0, 0
814, 79, 27, 35, 0, 0, 7.05%, 0, 0, 3, 356.77, 268605, 26, 0, 0
820, 79, 27, 35, 0, 0, 7.05%, 0, 0, 3, 363.06, 270509, 26, 0, 0
825, 80, 7, 35, 0, 0, 7.05%, 0, 0, 3, 355.05, 272338, 26, 0, 0
830, 81, 19, 35, 0, 0, 7.05%, 0, 0, 3, 348.08, 274099, 26, 0, 0
835, 81, 33, 35, 0, 0, 7.05%, 0, 0, 3, 356.18, 275923, 26, 0, 0
840, 82, 19, 35, 0, 0, 7.05%, 0, 0, 3, 342.89, 277658, 26, 0, 0
845, 82, 20, 35, 0, 0, 7.05%, 0, 0, 3, 339.59, 279349, 26, 0, 0
850, 83, 5, 35, 0, 0, 7.05%, 0, 0, 3, 337.70, 281094, 26, 0, 0
855, 83, 27, 35, 0, 0, 7.05%, 0, 0, 3, 326.63, 282730, 26, 0, 0
860, 84, 15, 35, 0, 0, 7.05%, 0, 0, 3, 335.04, 284450, 26, 0, 0
866, 84, 5, 35, 0, 0, 7.05%, 0, 0, 3, 324.33, 286151, 26, 0, 0
871, 85, 27, 35, 0, 0, 7.05%, 0, 0, 3, 332.26, 287886, 26, 0, 0
876, 85, 5, 35, 0, 0, 7.05%, 0, 0, 3, 331.32, 289601, 26, 0, 0
881, 86, 27, 35, 0, 0, 7.05%, 0, 0, 3, 328.25, 291250, 26, 0, 0
886, 86, 19, 35, 0, 0, 7.05%, 0, 0, 3, 329.58, 292900, 26, 0, 0
891, 86, 8, 35, 0, 0, 7.05%, 0, 0, 3, 339.21, 294607, 26, 0, 0
896, 87, 27, 35, 0, 0, 7.05%, 0, 0, 3, 354.40, 296442, 26, 0, 0
901, 88, 27, 35, 0, 0, 7.05%, 0, 0, 3, 353.36, 298256, 26, 0, 0
906, 88, 27, 35, 0, 0, 7.05%, 0, 0, 3, 342.09, 299970, 26, 0, 0
912, 89, 5, 35, 0, 0, 7.05%, 0, 0, 3, 344.23, 301744, 26, 0, 0
917, 89, 19, 35, 0, 0, 7.05%, 0, 0, 3, 331.75, 303495, 26, 0, 0
922, 90, 20, 35, 0, 0, 7.05%, 0, 0, 3, 342.99, 305287, 26, 0, 0
927, 91, 29, 35, 0, 0, 7.05%, 0, 0, 3, 343.99, 307087, 26, 0, 0
932, 91, 19, 35, 0, 0, 7.05%, 0, 0, 3, 339.24, 308833, 26, 0, 0
938, 92, 19, 35, 0, 0, 7.05%, 0, 0, 3, 349.70, 310648, 26, 0, 0
943, 92, 19, 35, 0, 0, 7.05%, 0, 0, 3, 337.27, 312392, 26, 0, 0
948, 93, 18, 35, 0, 0, 7.05%, 0, 0, 3, 328.81, 314038, 26, 0, 0
953, 93, 27, 35, 0, 0, 7.05%, 0, 0, 3, 336.04, 315795, 26, 0, 0
958, 94, 5, 35, 0, 0, 7.05%, 0, 0, 3, 326.06, 317427, 26, 0, 0
963, 94, 33, 35, 0, 0, 7.05%, 0, 0, 3, 335.80, 319177, 26, 0, 0
968, 95, 19, 35, 0, 0, 7.05%, 0, 0, 3, 337.42, 320911, 26, 0, 0
974, 95, 5, 35, 0, 0, 7.05%, 0, 0, 3, 336.02, 322677, 26, 0, 0
979, 96, 5, 35, 0, 0, 7.05%, 0, 0, 3, 317.77, 324251, 26, 0, 0
984, 96, 5, 35, 0, 0, 7.05%, 0, 0, 3, 310.96, 325808, 26, 0, 0
989, 97, 27, 35, 0, 0, 7.05%, 0, 0, 3, 312.60, 327364, 26, 0, 0
994, 97, 19, 35, 0, 0, 7.05%, 0, 0, 3, 327.42, 329043, 26, 0, 0
999, 98, 27, 35, 0, 0, 7.05%, 0, 0, 3, 333.42, 330719, 26, 0, 0
1004, 98, 19, 35, 0, 0, 7.05%, 0, 0, 3, 334.84, 332411, 26, 0, 0
1009, 99, 25, 35, 0, 0, 7.05%, 0, 0, 3, 330.52, 334058, 26, 0, 0
1014, 99, 1, 35, 0, 0, 7.05%, 0, 0, 3, 331.05, 335714, 26, 0, 0
1019, 100, 27, 35, 0, 0, 7.05%, 0, 0, 3, 326.94, 337368, 26, 0, 0
1024, 100, 9, 35, 0, 0, 7.05%, 0, 0, 3, 335.34, 339119, 26, 0, 0
1029, 101, 27, 35, 0, 0, 7.05%, 0, 0, 3, 338.18, 340801, 26, 0, 0
1034, 102, 24, 35, 0, 0, 7.05%, 0, 0, 3, 334.80, 342520, 26, 0, 0
1039, 102, 20, 35, 0, 0, 7.05%, 0, 0, 3, 333.64, 344177, 26, 0, 0
1044, 103, 27, 35, 0, 0, 7.05%, 0, 0, 3, 338.41, 345881, 26, 0, 0
1049, 103, 25, 35, 0, 0, 7.05%, 0, 0, 3, 337.74, 347637, 26, 0, 0
1054, 104, 19, 35, 0, 0, 7.05%, 0, 0, 3, 340.23, 349413, 26, 0, 0
1060, 104, 5, 35, 0, 0, 7.05%, 0, 0, 3, 341.45, 351189, 26, 0, 0
1065, 105, 27, 35, 0, 0, 7.05%, 0, 0, 3, 334.21, 352927, 26, 0, 0
1070, 105, 22, 35, 0, 0, 7.05%, 0, 0, 3, 338.20, 354621, 26, 0, 0
1075, 106, 19, 35, 0, 0, 7.05%, 0, 0, 3, 340.05, 356374, 26, 0, 0
1080, 106, 27, 35, 0, 0, 7.05%, 0, 0, 3, 336.49, 358067, 26, 0, 0
1085, 107, 33, 35, 0, 0, 7.05%, 0, 0, 3, 332.04, 359699, 26, 0, 0
1090, 108, 19, 35, 0, 0, 7.05%, 0, 0, 3, 336.09, 361432, 26, 0, 0
1095, 108, 27, 35, 0, 0, 7.05%, 0, 0, 3, 329.78, 363077, 26, 0, 0
1100, 109, 34, 35, 0, 0, 7.05%, 0, 0, 3, 329.46, 364735, 26, 0, 0
1105, 109, 27, 35, 0, 0, 7.05%, 0, 0, 3, 330.11, 366394, 26, 0, 0
1110, 110, 19, 35, 0, 0, 7.05%, 0, 0, 3, 324.66, 368013, 26, 0, 0
1115, 110, 19, 35, 0, 0, 7.05%, 0, 0, 3, 329.76, 369668, 26, 0, 0
1120, 111, 19, 35, 0, 0, 7.05%, 0, 0, 3, 331.94, 371382, 26, 0, 0
1126, 111, 27, 35, 0, 0, 7.05%, 0, 0, 3, 335.23, 373118, 26, 0, 0
1131, 112, 19, 35, 0, 0, 7.05%, 0, 0, 3, 331.99, 374770, 26, 0, 0
1136, 112, 30, 35, 0, 0, 7.05%, 0, 0, 3, 335.63, 376443, 26, 0, 0
1141, 113, 22, 35, 0, 0, 7.05%, 0, 0, 3, 335.25, 378177, 26, 0, 0
1146, 113, 27, 35, 0, 0, 7.05%, 0, 0, 3, 331.39, 379837, 26, 0, 0
1151, 114, 19, 35, 0, 0, 7.05%, 0, 0, 3, 331.77, 381486, 26, 0, 0
1156, 114, 8, 35, 0, 0, 7.05%, 0, 0, 3, 333.52, 383180, 26, 0, 0
1161, 115, 19, 35, 0, 0, 7.05%, 0, 0, 3, 336.83, 384867, 26, 0, 0
1166, 115, 21, 35, 0, 0, 7.05%, 0, 0, 3, 344.56, 386637, 26, 0, 0
1171, 116, 19, 35, 0, 0, 7.05%, 0, 0, 3, 348.43, 388456, 26, 0, 0
1177, 117, 19, 35, 0, 0, 7.05%, 0, 0, 3, 345.22, 390250, 26, 0, 0
1182, 117, 34, 35, 0, 0, 7.05%, 0, 0, 3, 332.89, 391913, 26, 0, 0
1187, 118, 19, 35, 0, 0, 7.05%, 0, 0, 3, 333.61, 393649, 26, 0, 0
1192, 118, 19, 35, 0, 0, 7.05%, 0, 0, 3, 326.33, 395267, 26, 0, 0
1197, 119, 19, 35, 0, 0, 7.05%, 0, 0, 3, 334.92, 397008, 26, 0, 0
1202, 119, 27, 35, 0, 0, 7.05%, 0, 0, 3, 337.87, 398699, 26, 0, 0
1207, 119, 27, 35, 0, 0, 7.05%, 0, 0, 3, 333.48, 400368, 26, 0, 0
1212, 120, 19, 35, 0, 0, 7.05%, 0, 0, 3, 341.15, 402087, 26, 0, 0
1217, 120, 34, 35, 0, 0, 7.05%, 0, 0, 3, 331.54, 403739, 26, 0, 0
1222, 121, 5, 35, 0, 0, 7.05%, 0, 0, 3, 333.69, 405476, 26, 0, 0
1227, 121, 14, 35, 0, 0, 7.05%, 0, 0, 3, 334.55, 407156, 26, 0, 0
1232, 122, 27, 35, 0, 0, 7.05%, 0, 0, 3, 339.76, 408911, 26, 0, 0
1238, 123, 29, 35, 0, 0, 7.05%, 0, 0, 3, 336.54, 410655, 26, 0, 0
1243, 123, 17, 35, 0, 0, 7.05%, 0, 0, 3, 340.02, 412362, 26, 0, 0
1248, 123, 27, 35, 0, 0, 7.05%, 0, 0, 3, 334.67, 414045, 26, 0, 0
1253, 124, 27, 35, 0, 0, 7.05%, 0, 0, 3, 327.88, 415675, 26, 0, 0
1258, 124, 5, 35, 0, 0, 7.05%, 0, 0, 3, 310.82, 417214, 26, 0, 0
1263, 125, 5, 35, 0, 0, 7.05%, 0, 0, 3, 314.51, 418801, 26, 0, 0
1268, 125, 5, 35, 0, 0, 7.05%, 0, 0, 3, 305.84, 420346, 26, 0, 0
1273, 126, 19, 35, 0, 0, 7.05%, 0, 0, 3, 316.71, 421937, 26, 0, 0
1278, 126, 19, 35, 0, 0, 7.05%, 0, 0, 3, 314.94, 423508, 26, 0, 0
1283, 127, 27, 35, 0, 0, 7.05%, 0, 0, 3, 332.83, 425194, 26, 0, 0
1288, 127, 19, 35, 0, 0, 7.05%, 0, 0, 3, 334.09, 426881, 26, 0, 0
1293, 128, 34, 35, 0, 0, 7.05%, 0, 0, 3, 333.55, 428608, 26, 0, 0
1298, 128, 29, 35, 0, 0, 7.05%, 0, 0, 3, 337.43, 430358, 26, 0, 0
1303, 129, 27, 35, 0, 0, 7.05%, 0, 0, 3, 324.53, 431980, 26, 0, 0
1308, 129, 19, 35, 0, 0, 7.05%, 0, 0, 3, 325.49, 433617, 26, 0, 0
1313, 130, 5, 35, 0, 0, 7.05%, 0, 0, 3, 321.84, 435227, 26, 0, 0
1318, 130, 27, 35, 0, 0, 7.05%, 0, 0, 3, 327.11, 436882, 26, 0, 0
1323, 131, 15, 35, 0, 0, 7.05%, 0, 0, 3, 324.39, 438518, 26, 0, 0
1328, 131, 34, 35, 0, 0, 7.05%, 0, 0, 3, 325.65, 440152, 26, 0, 0
1333, 132, 20, 35, 0, 0, 7.05%, 0, 0, 3, 334.24, 441837, 26, 0, 0
1338, 132, 19, 35, 0, 0, 7.05%, 0, 0, 3, 328.95, 443494, 26, 0, 0
1344, 133, 27, 35, 0, 0, 7.05%, 0, 0, 3, 325.43, 445177, 26, 0, 0
1349, 133, 34, 35, 0, 0, 7.05%, 0, 0, 3, 324.30, 446889, 26, 0, 0
1354, 134, 19, 35, 0, 0, 7.05%, 0, 0, 3, 324.30, 448576, 26, 0, 0
1359, 134, 23, 35, 0, 0, 7.05%, 0, 0, 3, 327.62, 450226, 26, 0, 0
1364, 135, 5, 35, 0, 0, 7.05%, 0, 0, 3, 325.73, 451869, 26, 0, 0
1369, 135, 21, 35, 0, 0, 7.05%, 0, 0, 3, 326.98, 453520, 26, 0, 0
1374, 136, 19, 35, 0, 0, 7.05%, 0, 0, 3, 327.72, 455167, 26, 0, 0
1379, 137, 5, 35, 0, 0, 7.05%, 0, 0, 3, 319.79, 456777, 26, 0, 0
1384, 137, 27, 35, 0, 0, 7.05%, 0, 0, 3, 321.60, 458427, 26, 0, 0
1389, 138, 27, 35, 0, 0, 7.05%, 0, 0, 3, 332.26, 460111, 26, 0, 0
1394, 138, 19, 35, 0, 0, 7.05%, 0, 0, 3, 331.86, 461795, 26, 0, 0
1399, 139, 8, 35, 0, 0, 7.05%, 0, 0, 3, 333.74, 463464, 26, 0, 0
1405, 139, 27, 35, 0, 0, 7.05%, 0, 0, 3, 333.17, 465200, 26, 0, 0
1410, 140, 5, 35, 0, 0, 7.05%, 0, 0, 3, 340.74, 466963, 26, 0, 0
1415, 140, 27, 35, 0, 0, 7.05%, 0, 0, 3, 329.55, 468620, 26, 0, 0
1420, 141, 5, 35, 0, 0, 7.05%, 0, 0, 3, 330.36, 470338, 26, 0, 0
1425, 141, 19, 35, 0, 0, 7.05%, 0, 0, 3, 329.25, 472052, 26, 0, 0
1430, 142, 5, 35, 0, 0, 7.05%, 0, 0, 3, 330.29, 473763, 26, 0, 0
1435, 142, 26, 35, 0, 0, 7.05%, 0, 0, 3, 332.09, 475449, 26, 0, 0
1440, 143, 34, 35, 0, 0, 7.05%, 0, 0, 3, 333.47, 477129, 26, 0, 0
1445, 143, 17, 35, 0, 0, 7.05%, 0, 0, 3, 332.44, 478768, 26, 0, 0
1451, 144, 19, 35, 0, 0, 7.05%, 0, 0, 3, 334.15, 480512, 26, 0, 0
1456, 145, 27, 35, 0, 0, 7.05%, 0, 0, 3, 329.55, 482178, 26, 0, 0
1461, 145, 19, 35, 0, 0, 7.05%, 0, 0, 3, 329.72, 483889, 26, 0, 0
1466, 146, 5, 35, 0, 0, 7.05%, 0, 0, 3, 333.38, 485559, 26, 0, 0
1471, 146, 19, 35, 0, 0, 7.05%, 0, 0, 3, 331.01, 487215, 26, 0, 0
1476, 147, 19, 35, 0, 0, 7.05%, 0, 0, 3, 333.28, 488906, 26, 0, 0
1481, 147, 1, 35, 0, 0, 7.05%, 0, 0, 3, 325.75, 490528, 26, 0, 0
1486, 148, 27, 35, 0, 0, 7.05%, 0, 0, 3, 327.55, 492182, 26, 0, 0
1491, 148, 19, 35, 0, 0, 7.05%, 0, 0, 3, 330.65, 493834, 26, 0, 0
1496, 149, 27, 35, 0, 0, 7.05%, 0, 0, 3, 333.67, 495512, 26, 0, 0
1501, 149, 19, 35, 0, 0, 7.05%, 0, 0, 3, 328.25, 497209, 26, 0, 0
1506, 150, 27, 35, 0, 0, 7.05%, 0, 0, 3, 329.56, 498932, 26, 0, 0
1511, 150, 27, 35, 0, 0, 7.05%, 0, 0, 3, 335.52, 500631, 26, 0, 0
1517, 151, 19, 35, 0, 0, 7.05%, 0, 0, 3, 337.36, 502376, 26, 0, 0
1522, 151, 19, 35, 0, 0, 7.05%, 0, 0, 3, 338.37, 504059, 26, 0, 0
1527, 152, 19, 35, 0, 0, 7.05%, 0, 0, 3, 337.56, 505796, 26, 0, 0
1532, 152, 19, 35, 0, 0, 7.05%, 0, 0, 3, 352.45, 507592, 26, 0, 0
1537, 153, 27, 35, 0, 0, 7.05%, 0, 0, 3, 354.90, 509372, 26, 0, 0
1542, 154, 19, 35, 0, 0, 7.05%, 0, 0, 3, 339.62, 511151, 26, 0, 0
1547, 154, 27, 35, 0, 0, 7.05%, 0, 0, 3, 329.11, 512796, 26, 0, 0
1552, 155, 19, 35, 0, 0, 7.05%, 0, 0, 3, 338.27, 514558, 26, 0, 0
1557, 155, 27, 35, 0, 0, 7.05%, 0, 0, 3, 332.02, 516221, 26, 0, 0
1563, 156, 18, 35, 0, 0, 7.05%, 0, 0, 3, 326.84, 517907, 26, 0, 0
1568, 156, 14, 35, 0, 0, 7.05%, 0, 0, 3, 332.57, 519602, 26, 0, 0
1573, 157, 27, 35, 0, 0, 7.05%, 0, 0, 3, 331.79, 521318, 26, 0, 0
1578, 157, 1, 35, 0, 0, 7.05%, 0, 0, 3, 328.59, 523028, 26, 0, 0
1583, 158, 14, 35, 0, 0, 7.05%, 0, 0, 3, 320.71, 524678, 26, 0, 0
1588, 158, 19, 35, 0, 0, 7.05%, 0, 0, 3, 326.07, 526325, 26, 0, 0
1593, 159, 27, 35, 0, 0, 7.05%, 0, 0, 3, 332.01, 527976, 26, 0, 0
1598, 159, 19, 35, 0, 0, 7.05%, 0, 0, 3, 338.97, 529732, 26, 0, 0
1604, 160, 1, 35, 0, 0, 7.05%, 0, 0, 3, 338.67, 531497, 26, 0, 0
1609, 160, 27, 35, 0, 0, 7.05%, 0, 0, 3, 331.94, 533202, 26, 0, 0
1614, 161, 34, 35, 0, 0, 7.05%, 0, 0, 3, 329.48, 534924, 26, 0, 0
1619, 161, 5, 35, 0, 0, 7.05%, 0, 0, 3, 330.72, 536583, 26, 0, 0
1624, 162, 27, 35, 0, 0, 7.05%, 0, 0, 3, 334.37, 538315, 26, 0, 0
1629, 162, 19, 35, 0, 0, 7.05%, 0, 0, 3, 332.43, 539977, 26, 0, 0
1634, 163, 1, 35, 0, 0, 7.05%, 0, 0, 3, 326.88, 541615, 26, 0, 0
1639, 163, 27, 35, 0, 0, 7.05%, 0, 0, 3, 323.77, 543244, 26, 0, 0
1644, 164, 24, 35, 0, 0, 7.05%, 0, 0, 3, 329.91, 544958, 26, 0, 0
1650, 164, 27, 35, 0, 0, 7.05%, 0, 0, 3, 330.53, 546619, 26, 0, 0
1655, 165, 19, 35, 0, 0, 7.05%, 0, 0, 3, 336.06, 548306, 26, 0, 0
1660, 166, 19, 35, 0, 0, 7.05%, 0, 0, 3, 332.02, 549977, 26, 0, 0
1665, 166, 27, 35, 0, 0, 7.05%, 0, 0, 3, 338.53, 551752, 26, 0, 0
1670, 167, 5, 35, 0, 0, 7.05%, 0, 0, 3, 338.67, 553495, 26, 0, 0
1675, 167, 5, 35, 0, 0, 7.05%, 0, 0, 3, 351.72, 555307, 26, 0, 0
1680, 168, 19, 35, 0, 0, 7.05%, 0, 0, 3, 343.01, 557045, 26, 0, 0
1685, 168, 26, 35, 0, 0, 7.05%, 0, 0, 3, 337.14, 558796, 26, 0, 0
1690, 169, 27, 35, 0, 0, 7.05%, 0, 0, 3, 345.17, 560513, 26, 0, 0
1695, 169, 34, 35, 0, 0, 7.05%, 0, 0, 3, 341.44, 562281, 26, 0, 0
1701, 170, 34, 35, 0, 0, 7.05%, 0, 0, 3, 342.47, 564030, 26, 0, 0
1706, 170, 5, 35, 0, 0, 7.05%, 0, 0, 3, 337.77, 565784, 26, 0, 0
1711, 171, 19, 35, 0, 0, 7.05%, 0, 0, 3, 330.26, 567488, 26, 0, 0
1716, 171, 5, 35, 0, 0, 7.05%, 0, 0, 3, 327.88, 569121, 26, 0, 0
1721, 172, 15, 35, 0, 0, 7.05%, 0, 0, 3, 325.47, 570765, 26, 0, 0
1726, 172, 27, 35, 0, 0, 7.05%, 0, 0, 3, 315.94, 572343, 26, 0, 0
1731, 173, 19, 35, 0, 0, 7.05%, 0, 0, 3, 326.80, 573984, 26, 0, 0
1736, 173, 5, 35, 0, 0, 7.05%, 0, 0, 3, 326.02, 575633, 26, 0, 0
1741, 174, 19, 35, 0, 0, 7.05%, 0, 0, 3, 330.44, 577294, 26, 0, 0
1746, 174, 19, 35, 0, 0, 7.05%, 0, 0, 3, 330.77, 579014, 26, 0, 0
1752, 175, 19, 35, 0, 0, 7.05%, 0, 0, 3, 336.58, 580762, 26, 0, 0
1757, 176, 27, 35, 0, 0, 7.05%, 0, 0, 3, 335.52, 582451, 26, 0, 0
1762, 176, 19, 35, 0, 0, 7.05%, 0, 0, 3, 330.09, 584171, 26, 0, 0
1767, 177, 23, 35, 0, 0, 7.05%, 0, 0, 3, 331.75, 585862, 26, 0, 0
1772, 177, 21, 35, 0, 0, 7.05%, 0, 0, 3, 334.63, 587594, 26, 0, 0
1777, 178, 27, 35, 0, 0, 7.05%, 0, 0, 3, 331.53, 589314, 26, 0, 0
1782, 178, 19, 35, 0, 0, 7.05%, 0, 0, 3, 335.35, 591007, 26, 0, 0
1787, 179, 27, 35, 0, 0, 7.05%, 0, 0, 3, 332.36, 592745, 26, 0, 0
1793, 180, 27, 35, 0, 0, 7.05%, 0, 0, 3, 327.97, 594459, 26, 0, 0
1798, 180, 27, 35, 0, 0, 7.05%, 0, 0, 3, 324.19, 596152, 26, 0, 0
1803, 180, 19, 35, 0, 0, 7.05%, 0, 0, 3, 321.41, 597753, 26, 0, 0
1808, 181, 19, 35, 0, 0, 7.05%, 0, 0, 3, 324.92, 599388, 26, 0, 0
1813, 181, 27, 35, 0, 0, 7.05%, 0, 0, 3, 334.20, 601081, 26, 0, 0
1818, 182, 1, 35, 0, 0, 7.05%, 0, 0, 3, 329.33, 602778, 26, 0, 0
1823, 182, 5, 35, 0, 0, 7.05%, 0, 0, 3, 327.29, 604433, 26, 0, 0
1828, 183, 5, 35, 0, 0, 7.05%, 0, 0, 3, 333.52, 606158, 26, 0, 0
1833, 184, 30, 35, 0, 0, 7.05%, 0, 0, 3, 333.72, 607831, 26, 0, 0
1838, 184, 19, 35, 0, 0, 7.05%, 0, 0, 3, 327.72, 609462, 26, 0, 0
1843, 185, 19, 35, 0, 0, 7.05%, 0, 0, 3, 330.87, 611128, 26, 0, 0
1848, 185, 27, 35, 0, 0, 7.05%, 0, 0, 3, 323.07, 612721, 26, 0, 0
1853, 186, 25, 35, 0, 0, 7.05%, 0, 0, 3, 323.16, 614370, 26, 0, 0
1859, 186, 19, 35, 0, 0, 7.05%, 0, 0, 3, 325.11, 616063, 26, 0, 0
1864, 187, 27, 35, 0, 0, 7.05%, 0, 0, 3, 326.96, 617764, 26, 0, 0
1869, 187, 9, 35, 0, 0, 7.05%, 0, 0, 3, 330.16, 619482, 26, 0, 0
1874, 188, 5, 35, 0, 0, 7.05%, 0, 0, 3, 325.25, 621109, 26, 0, 0
1879, 188, 19, 35, 0, 0, 7.05%, 0, 0, 3, 326.23, 622803, 26, 0, 0
1884, 189, 19, 35, 0, 0, 7.05%, 0, 0, 3, 325.31, 624496, 26, 0, 0
1890, 189, 27, 35, 0, 0, 7.05%, 0, 0, 3, 315.37, 626127, 26, 0, 0
1895, 190, 27, 35, 0, 0, 7.05%, 0, 0, 3, 324.96, 627783, 26, 0, 0
1900, 190, 19, 35, 0, 0, 7.05%, 0, 0, 3, 332.37, 629459, 26, 0, 0
1905, 191, 5, 35, 0, 0, 7.05%, 0, 0, 3, 325.27, 631096, 26, 0, 0
1910, 191, 24, 35, 0, 0, 7.05%, 0, 0, 3, 328.25, 632745, 26, 0, 0
1915, 192, 19, 35, 0, 0, 7.05%, 0, 0, 3, 327.38, 634387, 26, 0, 0
1920, 192, 17, 35, 0, 0, 7.05%, 0, 0, 3, 327.18, 636040, 26, 0, 0
1925, 193, 19, 35, 0, 0, 7.05%, 0, 0, 3, 322.34, 637644, 26, 0, 0
1930, 193, 19, 35, 0, 0, 7.05%, 0, 0, 3, 330.23, 639362, 26, 0, 0
1935, 194, 34, 35, 0, 0, 7.05%, 0, 0, 3, 321.40, 640982, 26, 0, 0
1940, 194, 14, 35, 0, 0, 7.05%, 0, 0, 3, 327.79, 642627, 26, 0, 0
1945, 195, 19, 35, 0, 0, 7.05%, 0, 0, 3, 329.59, 644296, 26, 0, 0
1950, 195, 27, 35, 0, 0, 7.05%, 0, 0, 3, 318.42, 645925, 26, 0, 0
1955, 196, 19, 35, 0, 0, 7.05%, 0, 0, 3, 318.13, 647540, 26, 0, 0
1960, 196, 19, 35, 0, 0, 7.05%, 0, 0, 3, 322.76, 649168, 26, 0, 0
1965, 197, 5, 35, 0, 0, 7.05%, 0, 0, 3, 307.96, 650714, 26, 0, 0
1970, 197, 27, 35, 0, 0, 7.05%, 0, 0, 3, 307.88, 652244, 26, 0, 0
1975, 198, 19, 35, 0, 0, 7.05%, 0, 0, 3, 294.24, 653722, 26, 0, 0
1980, 198, 5, 35, 0, 0, 7.05%, 0, 0, 3, 299.36, 655242, 26, 0, 0
1985, 199, 27, 35, 0, 0, 7.05%, 0, 0, 3, 302.61, 656762, 26, 0, 0
1990, 199, 5, 35, 0, 0, 7.05%, 0, 0, 3, 306.67, 658303, 26, 0, 0
1996, 199, 5, 35, 0, 0, 7.05%, 0, 0, 3, 305.79, 659833, 26, 0, 0
2001, 200, 19, 35, 0, 0, 7.05%, 0, 0, 3, 318.27, 661496, 26, 0, 0
2006, 201, 19, 35, 0, 0, 7.05%, 0, 0, 3, 321.10, 663153, 26, 0, 0
2011, 201, 27, 35, 0, 0, 7.05%, 0, 0, 3, 323.70, 664821, 26, 0, 0
2016, 202, 9, 35, 0, 0, 7.05%, 0, 0, 3, 328.92, 666471, 26, 0, 0
2021, 202, 1, 35, 0, 0, 7.05%, 0, 0, 3, 311.13, 668109, 26, 0, 0
2026, 203, 19, 35, 0, 0, 7.05%, 0, 0, 3, 310.82, 669663, 26, 0, 0
2031, 203, 19, 35, 0, 0, 7.05%, 0, 0, 3, 316.17, 671256, 26, 0, 0
2036, 204, 19, 35, 0, 0, 7.05%, 0, 0, 3, 312.90, 672846, 26, 0, 0
2041, 204, 27, 35, 0, 0, 7.05%, 0, 0, 3, 313.19, 674407, 26, 0, 0
2046, 205, 27, 35, 0, 0, 7.05%, 0, 0, 3, 323.22, 676033, 26, 0, 0
2051, 205, 19, 35, 0, 0, 7.05%, 0, 0, 3, 331.46, 677706, 26, 0, 0
2057, 206, 5, 35, 0, 0, 7.05%, 0, 0, 3, 328.30, 679427, 26, 0, 0
2062, 207, 27, 35, 0, 0, 7.05%, 0, 0, 3, 329.29, 681078, 26, 0, 0
2067, 207, 27, 35, 0, 0, 7.05%, 0, 0, 3, 331.46, 682781, 26, 0, 0
2072, 208, 27, 35, 0, 0, 7.05%, 0, 0, 3, 321.70, 684388, 26, 0, 0
2077, 208, 19, 35, 0, 0, 7.05%, 0, 0, 3, 319.57, 686068, 26, 0, 0
2082, 209, 19, 35, 0, 0, 7.05%, 0, 0, 3, 320.85, 687689, 26, 0, 0
2087, 209, 27, 35, 0, 0, 7.05%, 0, 0, 3, 311.74, 689325, 26, 0, 0
2093, 210, 27, 35, 0, 0, 7.05%, 0, 0, 3, 311.08, 690937, 26, 0, 0
2098, 210, 27, 35, 0, 0, 7.05%, 0, 0, 3, 318.76, 692593, 26, 0, 0
2103, 211, 19, 35, 0, 0, 7.05%, 0, 0, 3, 328.26, 694293, 26, 0, 0
2108, 211, 19, 35, 0, 0, 7.05%, 0, 0, 3, 329.39, 696013, 26, 0, 0
2113, 212, 27, 35, 0, 0, 7.05%, 0, 0, 3, 332.13, 697663, 26, 0, 0
2118, 213, 12, 35, 0, 0, 7.05%, 0, 0, 3, 326.36, 699318, 26, 0, 0
2123, 213, 1, 35, 0, 0, 7.05%, 0, 0, 3, 327.19, 700984, 26, 0, 0
2128, 214, 19, 35, 0, 0, 7.05%, 0, 0, 3, 336.74, 702675, 26, 0, 0
2133, 214, 34, 35, 0, 0, 7.05%, 0, 0, 3, 332.18, 704334, 26, 0, 0
2138, 215, 19, 35, 0, 0, 7.05%, 0, 0, 3, 327.05, 705971, 26, 0, 0
2143, 215, 5, 35, 0, 0, 7.05%, 0, 0, 3, 320.91, 707628, 26, 0, 0
2149, 216, 19, 35, 0, 0, 7.05%, 0, 0, 3, 308.92, 709146, 26, 0, 0
2154, 216, 19, 35, 0, 0, 7.05%, 0, 0, 3, 316.78, 710726, 26, 0, 0
2159, 217, 34, 35, 0, 0, 7.05%, 0, 0, 3, 318.57, 712339, 26, 0, 0
2164, 217, 27, 35, 0, 0, 7.05%, 0, 0, 3, 319.39, 713963, 26, 0, 0
2169, 218, 19, 35, 0, 0, 7.05%, 0, 0, 3, 325.80, 715656, 26, 0, 0
2174, 218, 19, 35, 0, 0, 7.05%, 0, 0, 3, 319.62, 717271, 26, 0, 0
2179, 219, 27, 35, 0, 0, 7.05%, 0, 0, 3, 319.96, 718887, 26, 0, 0
2184, 219, 23, 35, 0, 0, 7.05%, 0, 0, 3, 324.45, 720553, 26, 0, 0
2189, 220, 27, 35, 0, 0, 7.05%, 0, 0, 3, 316.44, 722203, 26, 0, 0
2194, 220, 19, 35, 0, 0, 7.05%, 0, 0, 3, 311.80, 723803, 26, 0, 0
2200, 221, 27, 35, 0, 0, 7.05%, 0, 0, 3, 320.93, 725425, 26, 0, 0
2205, 221, 9, 35, 0, 0, 7.05%, 0, 0, 3, 320.88, 727045, 26, 0, 0
2210, 222, 16, 35, 0, 0, 7.05%, 0, 0, 3, 319.21, 728677, 26, 0, 0
2215, 222, 19, 35, 0, 0, 7.05%, 0, 0, 3, 315.48, 730262, 26, 0, 0
2220, 223, 5, 35, 0, 0, 7.05%, 0, 0, 3, 330.71, 731934, 26, 0, 0
2225, 223, 5, 35, 0, 0, 7.05%, 0, 0, 3, 335.80, 733645, 26, 0, 0
2230, 224, 5, 35, 0, 0, 7.05%, 0, 0, 3, 329.83, 735284, 26, 0, 0
2235, 224, 5, 35, 0, 0, 7.05%, 0, 0, 3, 327.60, 736934, 26, 0, 0
2240, 225, 27, 35, 0, 0, 7.05%, 0, 0, 3, 326.22, 738625, 26, 0, 0
2245, 226, 19, 35, 0, 0, 7.05%, 0, 0, 3, 330.17, 740344, 26, 0, 0
2250, 226, 19, 35, 0, 0, 7.05%, 0, 0, 3, 328.27, 742008, 26, 0, 0
2256, 227, 34, 35, 0, 0, 7.05%, 0, 0, 3, 320.34, 743670, 26, 0, 0
2261, 227, 18, 35, 0, 0, 7.05%, 0, 0, 3, 325.67, 745319, 26, 0, 0
2266, 228, 19, 35, 0, 0, 7.05%, 0, 0, 3, 325.41, 746970, 26, 0, 0
2271, 228, 19, 35, 0, 0, 7.05%, 0, 0, 3, 327.21, 748618, 26, 0, 0
2276, 229, 27, 35, 0, 0, 7.05%, 0, 0, 3, 325.59, 750256, 26, 0, 0
2281, 229, 11, 35, 0, 0, 7.05%, 0, 0, 3, 319.66, 751908, 26, 0, 0
2286, 230, 15, 35, 0, 0, 7.05%, 0, 0, 3, 318.66, 753575, 26, 0, 0
2291, 230, 27, 35, 0, 0, 7.05%, 0, 0, 3, 331.70, 755301, 26, 0, 0
2296, 230, 27, 35, 0, 0, 7.05%, 0, 0, 3, 322.54, 756927, 26, 0, 0
2301, 231, 19, 35, 0, 0, 7.05%, 0, 0, 3, 327.48, 758589, 26, 0, 0
2306, 231, 27, 35, 0, 0, 7.05%, 0, 0, 3, 327.60, 760251, 26, 0, 0
2311, 232, 27, 35, 0, 0, 7.05%, 0, 0, 3, 315.23, 761832, 26, 0, 0
2317, 232, 19, 35, 0, 0, 7.05%, 0, 0, 3, 316.35, 763477, 26, 0, 0
2322, 233, 11, 35, 0, 0, 7.05%, 0, 0, 3, 323.23, 765115, 26, 0, 0
2327, 233, 1, 35, 0, 0, 7.05%, 0, 0, 3, 302.96, 766628, 26, 0, 0
2332, 234, 5, 35, 0, 0, 7.05%, 0, 0, 3, 311.03, 768189, 26, 0, 0
2337, 234, 27, 35, 0, 0, 7.05%, 0, 0, 3, 314.12, 769843, 26, 0, 0
2342, 235, 19, 35, 0, 0, 7.05%, 0, 0, 3, 313.10, 771472, 26, 0, 0
2347, 235, 16, 35, 0, 0, 7.05%, 0, 0, 3, 310.47, 773078, 26, 0, 0
2352, 236, 27, 35, 0, 0, 7.05%, 0, 0, 3, 289.49, 774496, 26, 0, 0
2358, 236, 19, 35, 0, 0, 7.05%, 0, 0, 3, 301.04, 776087, 26, 0, 0
2363, 237, 27, 35, 0, 0, 7.05%, 0, 0, 3, 304.52, 777596, 26, 0, 0
2368, 237, 27, 35, 0, 0, 7.05%, 0, 0, 3, 306.18, 779157, 26, 0, 0
2373, 238, 19, 35, 0, 0, 7.05%, 0, 0, 3, 266.86, 780457, 26, 0, 0
2378, 238, 19, 35, 0, 0, 7.05%, 0, 0, 3, 288.70, 781932, 26, 0, 0
2383, 238, 34, 35, 0, 0, 7.05%, 0, 0, 3, 270.53, 783372, 26, 0, 0
2388, 239, 27, 35, 0, 0, 7.05%, 0, 0, 3, 279.61, 784792, 26, 0, 0
2393, 239, 27, 35, 0, 0, 7.05%, 0, 0, 3, 278.26, 786222, 26, 0, 0
2398, 240, 27, 35, 0, 0, 7.05%, 0, 0, 3, 278.08, 787612, 26, 0, 0
2400, 240, 5, 35, 0, 0, 7.05%, 0, 0, 3, 280.62, 787992, 26, 0, 0
