# relative_time, cycles_done, cur_item, corpus_count, pending_total, pending_favs, map_size, saved_crashes, saved_hangs, max_depth, execs_per_sec, total_execs, edges_found, total_crashes, servers_count
61, 65, 2, 3, 0, 0, 5.88%, 0, 0, 1, 537.78, 32766, 1, 0, 0
66, 70, 2, 3, 0, 0, 5.88%, 0, 0, 1, 535.78, 35516, 1, 0, 0
71, 76, 2, 3, 0, 0, 5.88%, 0, 0, 1, 525.79, 38226, 1, 0, 0
76, 81, 2, 3, 0, 0, 5.88%, 0, 0, 1, 536.05, 40996, 1, 0, 0
82, 87, 2, 3, 0, 0, 5.88%, 0, 0, 1, 535.94, 43746, 1, 0, 0
87, 92, 2, 3, 0, 0, 5.88%, 0, 0, 1, 539.90, 46516, 1, 0, 0
92, 98, 2, 3, 0, 0, 5.88%, 0, 0, 1, 542.34, 49296, 1, 0, 0
97, 104, 2, 3, 0, 0, 5.88%, 0, 0, 1, 540.34, 52086, 1, 0, 0
102, 109, 2, 3, 0, 0, 5.88%, 0, 0, 1, 537.70, 54796, 1, 0, 0
107, 115, 2, 3, 0, 0, 5.88%, 0, 0, 1, 569.82, 57735, 1, 0, 0
112, 120, 2, 3, 0, 0, 5.88%, 0, 0, 1, 551.58, 60524, 1, 0, 0
118, 126, 2, 3, 0, 0, 5.88%, 0, 0, 1, 548.64, 63386, 1, 0, 0
123, 132, 2, 3, 0, 0, 5.88%, 0, 0, 1, 557.25, 66269, 1, 0, 0
128, 137, 2, 3, 0, 0, 5.88%, 0, 0, 1, 550.31, 69016, 1, 0, 0
133, 143, 2, 3, 0, 0, 5.88%, 0, 0, 1, 557.19, 71824, 1, 0, 0
138, 149, 2, 3, 0, 0, 5.88%, 0, 0, 1, 549.83, 74669, 1, 0, 0
143, 154, 2, 3, 0, 0, 5.88%, 0, 0, 1, 533.42, 77346, 1, 0, 0
148, 160, 2, 3, 0, 0, 5.88%, 0, 0, 1, 542.86, 80166, 1, 0, 0
153, 165, 2, 3, 0, 0, 5.88%, 0, 0, 1, 542.85, 82996, 1, 0, 0
159, 171, 2, 3, 0, 0, 5.88%, 0, 0, 1, 539.98, 85756, 1, 0, 0
164, 176, 2, 3, 0, 0, 5.88%, 0, 0, 1, 534.56, 88516, 1, 0, 0
169, 182, 2, 3, 0, 0, 5.88%, 0, 0, 1, 532.54, 91286, 1, 0, 0
174, 188, 2, 3, 0, 0, 5.88%, 0, 0, 1, 531.60, 94046, 1, 0, 0
179, 193, 2, 3, 0, 0, 5.88%, 0, 0, 1, 548.15, 96886, 1, 0, 0
184, 199, 2, 3, 0, 0, 5.88%, 0, 0, 1, 539.70, 99646, 1, 0, 0
190, 204, 2, 3, 0, 0, 5.88%, 0, 0, 1, 538.99, 102416, 1, 0, 0
195, 210, 2, 3, 0, 0, 5.88%, 0, 0, 1, 568.84, 105291, 1, 0, 0
200, 215, 2, 3, 0, 0, 5.88%, 0, 0, 1, 538.10, 107976, 1, 0, 0
205, 221, 2, 3, 0, 0, 5.88%, 0, 0, 1, 543.63, 110696, 1, 0, 0
210, 227, 2, 3, 0, 0, 5.88%, 0, 0, 1, 566.82, 113613, 1, 0, 0
215, 232, 2, 3, 0, 0, 5.88%, 0, 0, 1, 541.66, 116456, 1, 0, 0
220, 238, 2, 3, 0, 0, 5.88%, 0, 0, 1, 546.69, 119276, 1, 0, 0
225, 244, 2, 3, 0, 0, 5.88%, 0, 0, 1, 549.76, 122126, 1, 0, 0
231, 249, 2, 3, 0, 0, 5.88%, 0, 0, 1, 541.64, 124916, 1, 0, 0
236, 255, 2, 3, 0, 0, 5.88%, 0, 0, 1, 549.46, 127696, 1, 0, 0
241, 260, 2, 3, 0, 0, 5.88%, 0, 0, 1, 544.05, 130406, 1, 0, 0
246, 266, 2, 3, 0, 0, 5.88%, 0, 0, 1, 546.74, 133146, 1, 0, 0
251, 271, 2, 3, 0, 0, 5.88%, 0, 0, 1, 541.35, 135966, 1, 0, 0
256, 277, 2, 3, 0, 0, 5.88%, 0, 0, 1, 541.61, 138766, 1, 0, 0
261, 283, 2, 3, 0, 0, 5.88%, 0, 0, 1, 560.43, 141569, 1, 0, 0
266, 288, 2, 3, 0, 0, 5.88%, 0, 0, 1, 549.36, 144396, 1, 0, 0
271, 294, 2, 3, 0, 0, 5.88%, 0, 0, 1, 544.74, 147186, 1, 0, 0
276, 299, 2, 3, 0, 0, 5.88%, 0, 0, 1, 545.16, 150006, 1, 0, 0
282, 305, 2, 3, 0, 0, 5.88%, 0, 0, 1, 539.15, 152816, 1, 0, 0
287, 311, 2, 3, 0, 0, 5.88%, 0, 0, 1, 558.84, 155680, 1, 0, 0
292, 316, 2, 3, 0, 0, 5.88%, 0, 0, 1, 559.15, 158513, 1, 0, 0
297, 322, 2, 3, 0, 0, 5.88%, 0, 0, 1, 545.75, 161326, 1, 0, 0
300, 325, 2, 3, 0, 0, 5.88%, 0, 0, 1, 537.84, 162586, 1, 0, 0
