# relative_time, cycles_done, cur_item, corpus_count, pending_total, pending_favs, map_size, saved_crashes, saved_hangs, max_depth, execs_per_sec, total_execs, edges_found, total_crashes, servers_count
61, 0, 2, 287, 286, 47, 41.03%, 0, 0, 2, 322.20, 19087, 437, 0, 0
66, 0, 2, 295, 294, 47, 41.31%, 0, 0, 2, 321.33, 20751, 440, 0, 0
71, 0, 2, 307, 306, 47, 41.50%, 0, 0, 2, 314.05, 22378, 442, 0, 0
76, 0, 2, 312, 311, 47, 41.50%, 0, 0, 2, 320.56, 24033, 442, 0, 0
81, 0, 2, 320, 319, 47, 41.60%, 0, 0, 2, 323.15, 25691, 443, 0, 0
86, 0, 2, 325, 324, 47, 41.88%, 0, 0, 2, 323.96, 27358, 446, 0, 0
92, 0, 325, 332, 329, 59, 41.88%, 0, 0, 3, 325.23, 28992, 446, 0, 0
97, 0, 325, 340, 337, 59, 41.97%, 0, 0, 3, 323.23, 30668, 447, 0, 0
102, 0, 325, 340, 337, 59, 41.97%, 0, 0, 3, 319.89, 32270, 447, 0, 0
107, 0, 325, 343, 340, 59, 42.16%, 0, 0, 3, 335.36, 33995, 449, 0, 0
112, 0, 325, 347, 344, 59, 42.25%, 0, 0, 3, 327.73, 35667, 450, 0, 0
117, 0, 325, 347, 344, 59, 42.25%, 0, 0, 3, 330.20, 37329, 450, 0, 0
122, 0, 325, 347, 344, 59, 42.25%, 0, 0, 3, 329.49, 38973, 450, 0, 0
127, 0, 325, 349, 346, 59, 42.25%, 0, 0, 3, 327.12, 40667, 450, 0, 0
132, 0, 325, 352, 349, 59, 42.25%, 0, 0, 3, 327.95, 42326, 450, 0, 0
137, 0, 325, 353, 350, 59, 42.25%, 0, 0, 3, 326.09, 43971, 450, 0, 0
142, 0, 325, 354, 351, 59, 42.25%, 0, 0, 3, 319.76, 45622, 450, 0, 0
148, 0, 325, 354, 351, 59, 42.25%, 0, 0, 3, 325.40, 47302, 450, 0, 0
153, 0, 325, 355, 352, 59, 42.35%, 0, 0, 3, 328.16, 48953, 451, 0, 0
158, 0, 325, 356, 353, 59, 42.35%, 0, 0, 3, 324.25, 50622, 451, 0, 0
163, 0, 325, 356, 353, 59, 42.35%, 0, 0, 3, 320.81, 52218, 451, 0, 0
168, 0, 325, 357, 354, 59, 42.35%, 0, 0, 3, 319.21, 53857, 451, 0, 0
173, 0, 325, 360, 357, 59, 42.35%, 0, 0, 3, 318.39, 55498, 451, 0, 0
178, 0, 325, 360, 357, 59, 42.35%, 0, 0, 3, 321.30, 57160, 451, 0, 0
183, 0, 325, 360, 357, 59, 42.35%, 0, 0, 3, 320.82, 58822, 451, 0, 0
189, 0, 325, 360, 357, 59, 42.35%, 0, 0, 3, 319.45, 60478, 451, 0, 0
194, 0, 325, 360, 357, 59, 42.35%, 0, 0, 3, 324.08, 62146, 451, 0, 0
199, 0, 325, 360, 357, 59, 42.35%, 0, 0, 3, 318.76, 63802, 451, 0, 0
204, 0, 325, 361, 358, 59, 42.35%, 0, 0, 3, 321.67, 65477, 451, 0, 0
209, 0, 325, 361, 358, 59, 42.35%, 0, 0, 3, 330.08, 67187, 451, 0, 0
214, 0, 325, 361, 358, 59, 42.35%, 0, 0, 3, 321.94, 68819, 451, 0, 0
219, 0, 325, 361, 358, 59, 42.35%, 0, 0, 3, 323.98, 70445, 451, 0, 0
225, 0, 325, 362, 359, 59, 42.35%, 0, 0, 3, 324.55, 72120, 451, 0, 0
230, 0, 325, 362, 359, 59, 42.35%, 0, 0, 3, 323.46, 73788, 451, 0, 0
235, 0, 325, 362, 359, 59, 42.35%, 0, 0, 3, 327.17, 75432, 451, 0, 0
240, 0, 325, 362, 359, 59, 42.35%, 0, 0, 3, 322.25, 77100, 451, 0, 0
245, 0, 325, 362, 359, 59, 42.35%, 0, 0, 3, 324.31, 78786, 451, 0, 0
250, 0, 29, 362, 358, 58, 42.35%, 0, 0, 3, 324.40, 80450, 451, 0, 0
255, 0, 274, 370, 362, 54, 42.44%, 0, 0, 3, 321.86, 82069, 452, 0, 0
261, 0, 274, 378, 370, 54, 42.63%, 0, 0, 3, 327.75, 83763, 454, 0, 0
266, 0, 274, 382, 374, 54, 42.72%, 0, 0, 3, 324.22, 85435, 455, 0, 0
271, 0, 274, 386, 378, 54, 42.72%, 0, 0, 3, 324.23, 87113, 455, 0, 0
276, 0, 274, 391, 383, 54, 42.82%, 0, 0, 3, 322.41, 88786, 456, 0, 0
281, 0, 274, 393, 385, 54, 42.82%, 0, 0, 3, 320.52, 90450, 456, 0, 0
286, 0, 274, 393, 385, 54, 42.82%, 0, 0, 3, 325.10, 92136, 456, 0, 0
291, 0, 274, 393, 385, 54, 42.82%, 0, 0, 3, 324.10, 93756, 456, 0, 0
297, 0, 140, 399, 388, 51, 42.82%, 0, 0, 3, 318.23, 95349, 456, 0, 0
302, 0, 140, 413, 402, 51, 43.00%, 0, 0, 3, 347.62, 97115, 458, 0, 0
307, 0, 140, 416, 405, 51, 43.00%, 0, 0, 3, 370.84, 99005, 458, 0, 0
312, 0, 140, 420, 409, 51, 43.00%, 0, 0, 3, 376.77, 100972, 458, 0, 0
317, 0, 140, 423, 412, 51, 43.00%, 0, 0, 3, 378.25, 102939, 458, 0, 0
323, 0, 185, 426, 414, 51, 43.00%, 0, 0, 3, 373.68, 105006, 458, 0, 0
328, 0, 411, 429, 412, 46, 43.00%, 0, 0, 3, 373.81, 106934, 458, 0, 0
333, 0, 340, 433, 406, 36, 43.00%, 0, 0, 4, 386.36, 108902, 458, 0, 0
338, 0, 387, 437, 404, 30, 43.10%, 0, 0, 4, 390.36, 110889, 459, 0, 0
343, 0, 392, 437, 391, 18, 43.10%, 0, 0, 4, 389.90, 112890, 459, 0, 0
348, 0, 437, 439, 381, 9, 43.10%, 0, 0, 4, 387.13, 114892, 459, 0, 0
353, 0, 436, 445, 386, 8, 43.57%, 0, 0, 5, 385.57, 116891, 464, 0, 0
359, 0, 436, 446, 387, 8, 43.57%, 0, 0, 5, 386.85, 118893, 464, 0, 0
364, 0, 436, 447, 388, 8, 43.66%, 0, 0, 5, 385.03, 120811, 465, 0, 0
369, 0, 436, 448, 389, 8, 43.66%, 0, 0, 5, 386.88, 122757, 465, 0, 0
374, 0, 436, 448, 389, 8, 43.66%, 0, 0, 5, 384.41, 124696, 465, 0, 0
379, 0, 436, 448, 389, 8, 43.66%, 0, 0, 5, 387.10, 126670, 465, 0, 0
384, 0, 446, 449, 386, 8, 43.66%, 0, 0, 5, 382.20, 128574, 465, 0, 0
389, 0, 439, 459, 394, 7, 43.66%, 0, 0, 6, 376.66, 130485, 465, 0, 0
394, 0, 439, 463, 398, 7, 43.66%, 0, 0, 6, 377.57, 132375, 465, 0, 0
399, 0, 439, 464, 399, 7, 43.66%, 0, 0, 6, 379.93, 134293, 465, 0, 0
404, 0, 439, 467, 402, 7, 43.66%, 0, 0, 6, 383.59, 136274, 465, 0, 0
409, 0, 439, 469, 404, 7, 43.66%, 0, 0, 6, 390.32, 138248, 465, 0, 0
414, 0, 439, 469, 404, 7, 43.66%, 0, 0, 6, 390.16, 140229, 465, 0, 0
419, 0, 439, 470, 405, 7, 43.66%, 0, 0, 6, 389.19, 142203, 465, 0, 0
424, 0, 463, 474, 401, 4, 43.66%, 0, 0, 7, 382.35, 144141, 465, 0, 0
430, 0, 463, 479, 406, 4, 43.66%, 0, 0, 7, 390.24, 146171, 465, 0, 0
435, 0, 463, 482, 409, 4, 43.66%, 0, 0, 7, 398.06, 148208, 465, 0, 0
440, 0, 463, 482, 409, 4, 43.66%, 0, 0, 7, 405.59, 150257, 465, 0, 0
445, 0, 463, 484, 411, 4, 43.66%, 0, 0, 7, 406.20, 152335, 465, 0, 0
450, 0, 463, 485, 412, 4, 43.66%, 0, 0, 7, 399.75, 154358, 465, 0, 0
455, 0, 463, 485, 412, 4, 43.66%, 0, 0, 7, 406.13, 156422, 465, 0, 0
460, 0, 263, 486, 408, 0, 43.66%, 0, 0, 7, 403.46, 158446, 465, 0, 0
465, 0, 269, 487, 402, 0, 43.66%, 0, 0, 7, 400.02, 160485, 465, 0, 0
470, 0, 202, 488, 397, 0, 43.66%, 0, 0, 7, 396.51, 162469, 465, 0, 0
475, 0, 446, 488, 390, 0, 43.66%, 0, 0, 7, 400.85, 164528, 465, 0, 0
480, 0, 340, 489, 388, 0, 43.66%, 0, 0, 8, 406.19, 166609, 465, 0, 0
485, 0, 46, 489, 385, 0, 43.66%, 0, 0, 8, 408.43, 168668, 465, 0, 0
491, 0, 291, 490, 383, 0, 43.66%, 0, 0, 8, 399.63, 170704, 465, 0, 0
496, 0, 407, 494, 385, 0, 43.66%, 0, 0, 8, 401.92, 172853, 465, 0, 0
501, 0, 451, 495, 382, 0, 43.66%, 0, 0, 8, 405.23, 174900, 465, 0, 0
506, 0, 25, 495, 376, 0, 43.66%, 0, 0, 8, 396.12, 177059, 465, 0, 0
511, 0, 373, 496, 370, 0, 43.66%, 0, 0, 8, 386.08, 178986, 465, 0, 0
517, 0, 493, 498, 368, 0, 43.66%, 0, 0, 8, 387.57, 180999, 465, 0, 0
522, 0, 244, 499, 365, 0, 43.66%, 0, 0, 8, 388.15, 182988, 465, 0, 0
527, 0, 411, 499, 360, 0, 43.66%, 0, 0, 8, 390.55, 184960, 465, 0, 0
532, 0, 409, 502, 360, 0, 43.66%, 0, 0, 8, 397.16, 186957, 465, 0, 0
537, 0, 488, 505, 360, 0, 43.66%, 0, 0, 9, 392.80, 188974, 465, 0, 0
542, 0, 488, 505, 360, 0, 43.66%, 0, 0, 9, 393.97, 190955, 465, 0, 0
547, 0, 505, 512, 365, 1, 43.85%, 0, 0, 9, 400.94, 193027, 467, 0, 0
552, 0, 505, 513, 366, 1, 43.85%, 0, 0, 9, 405.27, 195096, 467, 0, 0
557, 0, 505, 513, 366, 1, 43.85%, 0, 0, 9, 406.98, 197160, 467, 0, 0
563, 0, 472, 513, 363, 0, 43.85%, 0, 0, 9, 374.83, 199087, 467, 0, 0
568, 0, 478, 516, 364, 0, 43.85%, 0, 0, 9, 369.81, 200939, 467, 0, 0
573, 0, 261, 516, 361, 0, 43.85%, 0, 0, 9, 388.87, 202990, 467, 0, 0
578, 0, 442, 516, 358, 0, 43.85%, 0, 0, 9, 398.43, 205017, 467, 0, 0
583, 0, 134, 516, 354, 0, 43.85%, 0, 0, 9, 399.70, 207156, 467, 0, 0
588, 0, 116, 516, 350, 0, 43.85%, 0, 0, 9, 375.07, 208862, 467, 0, 0
593, 0, 375, 520, 350, 0, 43.85%, 0, 0, 9, 391.24, 210907, 467, 0, 0
598, 0, 411, 520, 348, 0, 43.85%, 0, 0, 9, 367.19, 212704, 467, 0, 0
603, 0, 129, 520, 346, 0, 43.85%, 0, 0, 9, 389.71, 214692, 467, 0, 0
609, 0, 474, 523, 345, 0, 43.85%, 0, 0, 9, 408.74, 216795, 467, 0, 0
614, 0, 474, 526, 348, 0, 43.85%, 0, 0, 9, 414.91, 218904, 467, 0, 0
619, 0, 474, 526, 348, 0, 43.85%, 0, 0, 9, 413.16, 220984, 467, 0, 0
624, 0, 474, 526, 348, 0, 43.85%, 0, 0, 9, 413.56, 223064, 467, 0, 0
629, 0, 474, 526, 348, 0, 43.85%, 0, 0, 9, 411.33, 225128, 467, 0, 0
634, 0, 474, 526, 348, 0, 43.85%, 0, 0, 9, 406.53, 227184, 467, 0, 0
639, 0, 347, 526, 347, 0, 43.85%, 0, 0, 9, 406.95, 229265, 467, 0, 0
644, 0, 374, 526, 343, 0, 43.85%, 0, 0, 9, 403.24, 231308, 467, 0, 0
649, 0, 131, 526, 340, 0, 43.85%, 0, 0, 9, 404.35, 233230, 467, 0, 0
654, 0, 459, 527, 337, 0, 43.85%, 0, 0, 9, 403.36, 235275, 467, 0, 0
659, 0, 504, 530, 339, 0, 43.85%, 0, 0, 10, 388.50, 237312, 467, 0, 0
664, 0, 526, 532, 339, 0, 43.85%, 0, 0, 10, 390.52, 239274, 467, 0, 0
670, 0, 516, 533, 339, 0, 43.85%, 0, 0, 10, 401.46, 241374, 467, 0, 0
675, 0, 444, 534, 339, 0, 43.85%, 0, 0, 10, 399.99, 243453, 467, 0, 0
680, 0, 443, 534, 336, 0, 43.85%, 0, 0, 10, 405.55, 245506, 467, 0, 0
685, 0, 519, 534, 334, 0, 43.85%, 0, 0, 10, 384.28, 247458, 467, 0, 0
690, 0, 44, 536, 333, 0, 43.85%, 0, 0, 10, 400.73, 249511, 467, 0, 0
695, 0, 499, 536, 329, 0, 43.85%, 0, 0, 10, 396.71, 251521, 467, 0, 0
700, 0, 72, 538, 327, 0, 43.85%, 0, 0, 10, 399.35, 253538, 467, 0, 0
706, 0, 496, 541, 329, 0, 43.85%, 0, 0, 10, 388.88, 255446, 467, 0, 0
711, 0, 126, 541, 326, 0, 43.85%, 0, 0, 10, 398.27, 257461, 467, 0, 0
716, 0, 528, 543, 326, 0, 43.85%, 0, 0, 11, 395.41, 259463, 467, 0, 0
721, 0, 465, 543, 324, 0, 43.85%, 0, 0, 11, 380.24, 261411, 467, 0, 0
726, 1, 95, 552, 330, 0, 43.85%, 0, 0, 11, 393.40, 263423, 467, 0, 0
731, 1, 95, 562, 340, 0, 43.85%, 0, 0, 11, 387.43, 265383, 467, 0, 0
736, 1, 95, 566, 344, 0, 43.85%, 0, 0, 11, 403.26, 267496, 467, 0, 0
741, 1, 95, 569, 347, 0, 43.85%, 0, 0, 11, 396.06, 269485, 467, 0, 0
746, 1, 95, 571, 349, 0, 43.85%, 0, 0, 11, 402.25, 271531, 467, 0, 0
751, 1, 95, 573, 351, 0, 43.85%, 0, 0, 11, 401.78, 273545, 467, 0, 0
756, 1, 95, 573, 351, 0, 43.85%, 0, 0, 11, 398.32, 275603, 467, 0, 0
761, 1, 511, 575, 349, 0, 43.85%, 0, 0, 11, 396.12, 277647, 467, 0, 0
767, 1, 217, 579, 350, 0, 43.85%, 0, 0, 11, 397.91, 279697, 467, 0, 0
773, 1, 553, 580, 346, 0, 43.85%, 0, 0, 11, 393.22, 282048, 467, 0, 0
778, 1, 570, 588, 353, 0, 43.85%, 0, 0, 11, 393.82, 284032, 467, 0, 0
783, 1, 570, 589, 354, 0, 43.85%, 0, 0, 11, 397.99, 286097, 467, 0, 0
788, 1, 570, 591, 356, 0, 43.85%, 0, 0, 11, 389.30, 288050, 467, 0, 0
793, 1, 570, 594, 359, 0, 43.85%, 0, 0, 11, 390.53, 290066, 467, 0, 0
798, 1, 570, 595, 360, 0, 43.85%, 0, 0, 11, 393.60, 292054, 467, 0, 0
803, 1, 570, 596, 361, 0, 43.85%, 0, 0, 11, 394.11, 294042, 467, 0, 0
808, 1, 550, 597, 360, 0, 43.85%, 0, 0, 11, 396.27, 296065, 467, 0, 0
813, 1, 485, 597, 356, 0, 43.85%, 0, 0, 11, 400.22, 298115, 467, 0, 0
819, 1, 405, 598, 351, 0, 43.85%, 0, 0, 11, 399.46, 300256, 467, 0, 0
824, 1, 399, 600, 350, 0, 43.85%, 0, 0, 11, 380.52, 302191, 467, 0, 0
829, 1, 596, 601, 348, 0, 43.85%, 0, 0, 11, 382.46, 304161, 467, 0, 0
834, 1, 477, 604, 350, 0, 43.85%, 0, 0, 11, 391.32, 306143, 467, 0, 0
839, 1, 487, 608, 353, 0, 43.85%, 0, 0, 11, 400.25, 308189, 467, 0, 0
844, 1, 517, 610, 350, 0, 43.85%, 0, 0, 11, 404.48, 310268, 467, 0, 0
849, 1, 122, 610, 347, 0, 43.85%, 0, 0, 11, 391.66, 312291, 467, 0, 0
855, 1, 541, 613, 348, 0, 43.85%, 0, 0, 12, 397.79, 314291, 467, 0, 0
860, 1, 541, 618, 353, 0, 43.85%, 0, 0, 12, 404.28, 316347, 467, 0, 0
865, 1, 541, 618, 353, 0, 43.85%, 0, 0, 12, 398.59, 318372, 467, 0, 0
870, 1, 541, 618, 353, 0, 43.85%, 0, 0, 12, 394.34, 320339, 467, 0, 0
875, 1, 541, 619, 354, 0, 43.85%, 0, 0, 12, 394.32, 322397, 467, 0, 0
880, 1, 464, 621, 354, 0, 43.85%, 0, 0, 12, 385.74, 324518, 467, 0, 0
885, 1, 410, 623, 354, 0, 43.85%, 0, 0, 12, 386.95, 326473, 467, 0, 0
891, 1, 557, 627, 357, 0, 43.85%, 0, 0, 12, 403.46, 328601, 467, 0, 0
896, 1, 557, 629, 359, 0, 43.85%, 0, 0, 12, 421.11, 330807, 467, 0, 0
901, 1, 557, 629, 359, 0, 43.85%, 0, 0, 12, 411.08, 332879, 467, 0, 0
906, 1, 12, 629, 356, 0, 43.85%, 0, 0, 12, 405.24, 334898, 467, 0, 0
911, 1, 531, 634, 360, 0, 43.85%, 0, 0, 12, 399.66, 336910, 467, 0, 0
916, 1, 531, 637, 363, 0, 43.85%, 0, 0, 12, 406.00, 338987, 467, 0, 0
921, 1, 531, 638, 364, 0, 43.85%, 0, 0, 12, 406.11, 341050, 467, 0, 0
926, 1, 531, 641, 367, 0, 43.85%, 0, 0, 12, 406.77, 343095, 467, 0, 0
931, 1, 539, 643, 368, 0, 43.85%, 0, 0, 12, 401.83, 345255, 467, 0, 0
938, 1, 585, 643, 364, 0, 43.85%, 0, 0, 12, 396.03, 347734, 467, 0, 0
943, 1, 535, 643, 360, 0, 43.85%, 0, 0, 12, 396.29, 349903, 467, 0, 0
948, 1, 501, 643, 357, 0, 43.85%, 0, 0, 12, 392.88, 351930, 467, 0, 0
955, 1, 590, 643, 354, 0, 43.85%, 0, 0, 12, 384.27, 354255, 467, 0, 0
960, 1, 641, 646, 356, 0, 43.85%, 0, 0, 12, 381.84, 356231, 467, 0, 0
965, 1, 625, 646, 352, 0, 43.85%, 0, 0, 12, 385.77, 358338, 467, 0, 0
970, 1, 562, 647, 350, 0, 43.85%, 0, 0, 13, 394.04, 360412, 467, 0, 0
976, 1, 597, 649, 349, 0, 43.85%, 0, 0, 13, 386.55, 362395, 467, 0, 0
981, 1, 589, 649, 345, 0, 43.85%, 0, 0, 13, 378.27, 364326, 467, 0, 0
986, 1, 559, 649, 341, 0, 43.85%, 0, 0, 13, 384.71, 366252, 467, 0, 0
991, 1, 566, 652, 342, 0, 43.85%, 0, 0, 13, 387.85, 368215, 467, 0, 0
996, 1, 615, 653, 342, 0, 43.85%, 0, 0, 13, 382.05, 370149, 467, 0, 0
1001, 1, 600, 654, 338, 0, 43.85%, 0, 0, 13, 385.10, 372194, 467, 0, 0
1006, 1, 475, 655, 335, 0, 43.85%, 0, 0, 13, 391.04, 374158, 467, 0, 0
1011, 1, 622, 655, 328, 0, 43.85%, 0, 0, 13, 396.39, 376140, 467, 0, 0
1016, 1, 595, 656, 325, 0, 43.85%, 0, 0, 13, 396.87, 378178, 467, 0, 0
1021, 1, 521, 657, 323, 0, 43.85%, 0, 0, 13, 406.17, 380257, 467, 0, 0
1026, 1, 639, 659, 323, 0, 43.85%, 0, 0, 13, 401.44, 382299, 467, 0, 0
1032, 1, 628, 660, 317, 0, 43.85%, 0, 0, 13, 403.34, 384341, 467, 0, 0
1037, 1, 9, 661, 314, 0, 43.85%, 0, 0, 13, 397.73, 386496, 467, 0, 0
1042, 1, 592, 661, 311, 0, 43.85%, 0, 0, 13, 400.37, 388581, 467, 0, 0
1047, 1, 658, 663, 308, 0, 43.85%, 0, 0, 13, 408.05, 390617, 467, 0, 0
1052, 1, 620, 663, 303, 0, 43.85%, 0, 0, 13, 406.78, 392634, 467, 0, 0
1057, 1, 31, 663, 299, 0, 43.85%, 0, 0, 13, 401.81, 394621, 467, 0, 0
1062, 1, 657, 664, 294, 0, 43.85%, 0, 0, 13, 398.90, 396674, 467, 0, 0
1067, 1, 657, 667, 297, 0, 43.85%, 0, 0, 13, 401.94, 398704, 467, 0, 0
1072, 1, 556, 667, 293, 0, 43.85%, 0, 0, 13, 404.45, 400807, 467, 0, 0
1078, 1, 442, 670, 291, 0, 43.85%, 0, 0, 13, 413.33, 402894, 467, 0, 0
1083, 1, 649, 672, 293, 0, 43.85%, 0, 0, 13, 407.16, 404943, 467, 0, 0
1088, 1, 268, 672, 289, 0, 43.85%, 0, 0, 13, 390.31, 406908, 467, 0, 0
1093, 1, 514, 672, 281, 0, 43.85%, 0, 0, 13, 393.35, 408922, 467, 0, 0
1098, 1, 460, 673, 276, 0, 43.85%, 0, 0, 13, 396.15, 410930, 467, 0, 0
1103, 1, 501, 675, 274, 0, 43.85%, 0, 0, 13, 395.74, 412912, 467, 0, 0
1108, 1, 627, 675, 270, 0, 43.85%, 0, 0, 13, 389.81, 414893, 467, 0, 0
1113, 1, 650, 678, 270, 0, 43.85%, 0, 0, 13, 391.99, 416865, 467, 0, 0
1118, 1, 505, 678, 264, 0, 43.85%, 0, 0, 13, 351.09, 418664, 467, 0, 0
1123, 1, 518, 680, 263, 0, 43.85%, 0, 0, 13, 380.19, 420692, 467, 0, 0
1128, 1, 73, 682, 260, 0, 43.85%, 0, 0, 13, 388.82, 422720, 467, 0, 0
1133, 1, 656, 685, 262, 0, 43.85%, 0, 0, 14, 395.38, 424704, 467, 0, 0
1139, 1, 439, 685, 260, 0, 43.85%, 0, 0, 14, 402.89, 426781, 467, 0, 0
1144, 1, 494, 687, 258, 0, 43.85%, 0, 0, 14, 394.53, 428765, 467, 0, 0
1149, 1, 576, 687, 255, 0, 43.85%, 0, 0, 14, 396.60, 430826, 467, 0, 0
1154, 1, 654, 689, 256, 0, 43.85%, 0, 0, 14, 401.29, 432821, 467, 0, 0
1159, 1, 253, 690, 252, 0, 43.85%, 0, 0, 14, 390.44, 434744, 467, 0, 0
1165, 1, 679, 690, 248, 0, 43.85%, 0, 0, 14, 391.52, 437023, 467, 0, 0
1170, 1, 683, 692, 247, 0, 43.85%, 0, 0, 15, 397.76, 439098, 467, 0, 0
1176, 1, 691, 692, 243, 0, 43.85%, 0, 0, 15, 391.27, 441373, 467, 0, 0
1181, 1, 688, 694, 244, 0, 43.85%, 0, 0, 16, 383.91, 443324, 467, 0, 0
1186, 1, 321, 696, 242, 0, 43.85%, 0, 0, 16, 390.49, 445368, 467, 0, 0
1191, 1, 638, 698, 243, 0, 43.85%, 0, 0, 17, 387.25, 447290, 467, 0, 0
1196, 1, 664, 698, 241, 0, 43.85%, 0, 0, 17, 375.48, 449187, 467, 0, 0
1201, 1, 314, 700, 238, 0, 43.85%, 0, 0, 17, 387.41, 451198, 467, 0, 0
1206, 1, 57, 700, 234, 0, 43.85%, 0, 0, 17, 385.23, 453107, 467, 0, 0
1211, 1, 513, 700, 227, 0, 43.85%, 0, 0, 17, 350.58, 454870, 467, 0, 0
1216, 1, 674, 702, 225, 0, 43.85%, 0, 0, 17, 388.10, 456937, 467, 0, 0
1221, 1, 516, 702, 220, 0, 43.85%, 0, 0, 17, 402.52, 458983, 467, 0, 0
1228, 1, 681, 702, 216, 0, 43.85%, 0, 0, 17, 401.87, 461635, 467, 0, 0
1233, 1, 678, 703, 214, 0, 43.85%, 0, 0, 17, 391.70, 463580, 467, 0, 0
1238, 1, 684, 705, 215, 0, 43.85%, 0, 0, 17, 392.89, 465549, 467, 0, 0
1244, 1, 680, 705, 212, 0, 43.85%, 0, 0, 17, 388.88, 467837, 467, 0, 0
1249, 1, 652, 708, 214, 0, 43.85%, 0, 0, 17, 383.19, 469754, 467, 0, 0
1254, 1, 396, 709, 212, 0, 43.85%, 0, 0, 17, 380.22, 471717, 467, 0, 0
1259, 1, 643, 710, 211, 0, 43.85%, 0, 0, 17, 383.24, 473650, 467, 0, 0
1264, 1, 375, 711, 208, 0, 43.85%, 0, 0, 17, 380.94, 475642, 467, 0, 0
1270, 1, 133, 712, 206, 0, 43.85%, 0, 0, 17, 393.09, 477700, 467, 0, 0
1275, 1, 485, 712, 200, 0, 43.85%, 0, 0, 17, 391.12, 479734, 467, 0, 0
1280, 1, 616, 713, 197, 0, 43.85%, 0, 0, 17, 394.31, 481720, 467, 0, 0
1285, 1, 707, 713, 194, 0, 43.85%, 0, 0, 17, 395.44, 483723, 467, 0, 0
1290, 1, 442, 714, 193, 0, 43.85%, 0, 0, 17, 394.78, 485688, 467, 0, 0
1295, 1, 713, 716, 193, 0, 43.85%, 0, 0, 17, 391.42, 487713, 467, 0, 0
1300, 1, 146, 717, 191, 0, 43.85%, 0, 0, 17, 390.56, 489702, 467, 0, 0
1305, 1, 623, 718, 190, 0, 43.85%, 0, 0, 17, 381.35, 491657, 467, 0, 0
1311, 1, 342, 719, 188, 0, 43.85%, 0, 0, 17, 391.22, 493713, 467, 0, 0
1316, 1, 610, 719, 184, 0, 43.85%, 0, 0, 17, 400.28, 495776, 467, 0, 0
1322, 1, 719, 721, 183, 0, 43.85%, 0, 0, 17, 407.70, 498172, 467, 0, 0
1327, 1, 505, 721, 179, 0, 43.85%, 0, 0, 17, 375.47, 500005, 467, 0, 0
1332, 1, 685, 721, 175, 0, 43.85%, 0, 0, 17, 370.55, 501852, 467, 0, 0
1337, 1, 461, 722, 173, 0, 43.85%, 0, 0, 17, 378.85, 503740, 467, 0, 0
1342, 1, 716, 723, 172, 0, 43.85%, 0, 0, 17, 391.85, 505800, 467, 0, 0
1347, 1, 610, 725, 171, 0, 43.85%, 0, 0, 17, 390.04, 507744, 467, 0, 0
1352, 1, 605, 725, 170, 0, 43.85%, 0, 0, 17, 399.35, 509761, 467, 0, 0
1358, 1, 676, 725, 166, 0, 43.85%, 0, 0, 17, 394.63, 512164, 467, 0, 0
1364, 1, 702, 725, 162, 0, 43.85%, 0, 0, 17, 395.59, 514212, 467, 0, 0
1369, 1, 723, 725, 160, 0, 43.85%, 0, 0, 17, 385.67, 516199, 467, 0, 0
1374, 1, 722, 726, 159, 0, 43.85%, 0, 0, 17, 398.85, 518268, 467, 0, 0
1379, 1, 665, 727, 159, 0, 43.85%, 0, 0, 17, 393.30, 520275, 467, 0, 0
1384, 1, 505, 727, 152, 0, 43.85%, 0, 0, 17, 401.94, 522284, 467, 0, 0
1389, 1, 404, 728, 149, 0, 43.85%, 0, 0, 17, 391.77, 524224, 467, 0, 0
1394, 1, 446, 728, 146, 0, 43.85%, 0, 0, 17, 411.38, 526315, 467, 0, 0
1399, 1, 43, 728, 143, 0, 43.85%, 0, 0, 17, 404.70, 528363, 467, 0, 0
1404, 1, 337, 730, 140, 0, 43.94%, 0, 0, 17, 421.77, 530545, 468, 0, 0
1409, 1, 601, 733, 138, 0, 43.94%, 0, 0, 17, 425.48, 532735, 468, 0, 0
1416, 1, 724, 733, 137, 0, 43.94%, 0, 0, 17, 422.10, 535552, 468, 0, 0
1421, 1, 734, 735, 136, 0, 43.94%, 0, 0, 17, 425.26, 537722, 468, 0, 0
1426, 1, 253, 739, 139, 0, 43.94%, 0, 0, 17, 427.67, 539862, 468, 0, 0
1431, 1, 163, 739, 136, 0, 43.94%, 0, 0, 17, 418.36, 541945, 468, 0, 0
1436, 1, 736, 741, 136, 0, 43.94%, 0, 0, 17, 414.24, 544074, 468, 0, 0
1441, 1, 737, 742, 135, 0, 43.94%, 0, 0, 17, 405.40, 546113, 468, 0, 0
1447, 1, 406, 742, 131, 0, 43.94%, 0, 0, 17, 410.39, 548201, 468, 0, 0
1452, 1, 735, 742, 129, 0, 43.94%, 0, 0, 17, 399.35, 550238, 468, 0, 0
1457, 2, 670, 744, 129, 0, 43.94%, 0, 0, 17, 401.65, 552249, 468, 0, 0
1462, 2, 741, 751, 135, 0, 43.94%, 0, 0, 17, 387.35, 554191, 468, 0, 0
1467, 2, 741, 753, 137, 0, 43.94%, 0, 0, 17, 389.05, 556137, 468, 0, 0
1472, 2, 741, 755, 139, 0, 43.94%, 0, 0, 17, 385.72, 558132, 468, 0, 0
1477, 2, 741, 756, 140, 0, 43.94%, 0, 0, 17, 384.98, 560051, 468, 0, 0
1482, 2, 741, 757, 141, 0, 43.94%, 0, 0, 17, 379.81, 561969, 468, 0, 0
1488, 2, 748, 758, 141, 0, 43.94%, 0, 0, 17, 378.47, 564394, 468, 0, 0
1493, 2, 745, 759, 141, 0, 43.94%, 0, 0, 17, 392.22, 566373, 468, 0, 0
1498, 2, 745, 760, 142, 0, 43.94%, 0, 0, 17, 398.21, 568444, 468, 0, 0
1503, 2, 742, 763, 143, 0, 43.94%, 0, 0, 17, 397.94, 570486, 468, 0, 0
1509, 2, 742, 763, 143, 0, 43.94%, 0, 0, 17, 399.49, 572544, 468, 0, 0
1514, 2, 742, 765, 145, 0, 43.94%, 0, 0, 17, 402.51, 574589, 468, 0, 0
1519, 2, 742, 766, 146, 0, 43.94%, 0, 0, 17, 404.57, 576644, 468, 0, 0
1524, 2, 717, 766, 144, 0, 43.94%, 0, 0, 17, 395.38, 578665, 468, 0, 0
1529, 2, 739, 766, 142, 0, 43.94%, 0, 0, 17, 402.27, 580682, 468, 0, 0
1534, 2, 597, 768, 141, 0, 43.94%, 0, 0, 17, 393.16, 582647, 468, 0, 0
1539, 2, 755, 770, 142, 0, 43.94%, 0, 0, 17, 373.64, 584544, 468, 0, 0
1544, 2, 765, 771, 142, 0, 43.94%, 0, 0, 17, 351.46, 586285, 468, 0, 0
1549, 2, 765, 772, 143, 0, 43.94%, 0, 0, 17, 366.79, 588234, 468, 0, 0
1554, 2, 762, 773, 143, 0, 43.94%, 0, 0, 17, 381.72, 590226, 468, 0, 0
1559, 2, 770, 773, 142, 0, 43.94%, 0, 0, 17, 352.62, 592049, 468, 0, 0
1565, 2, 770, 775, 144, 0, 43.94%, 0, 0, 17, 338.21, 593746, 468, 0, 0
1570, 2, 442, 775, 140, 0, 43.94%, 0, 0, 17, 382.79, 595787, 468, 0, 0
1575, 2, 750, 775, 140, 0, 43.94%, 0, 0, 17, 376.35, 597853, 468, 0, 0
1580, 2, 516, 776, 139, 0, 43.94%, 0, 0, 17, 406.99, 599994, 468, 0, 0
1585, 2, 747, 776, 139, 0, 43.94%, 0, 0, 17, 195.58, 600715, 468, 0, 0
1591, 2, 747, 776, 139, 0, 43.94%, 0, 0, 17, 148.49, 601412, 468, 0, 0
1597, 2, 747, 776, 139, 0, 43.94%, 0, 0, 17, 137.56, 602356, 468, 0, 0
1603, 2, 575, 780, 142, 0, 43.94%, 0, 0, 17, 308.17, 603898, 468, 0, 0
1608, 2, 751, 781, 143, 0, 43.94%, 0, 0, 17, 363.57, 605868, 468, 0, 0
1613, 2, 160, 782, 143, 0, 43.94%, 0, 0, 17, 382.00, 607841, 468, 0, 0
1619, 2, 761, 782, 142, 0, 43.94%, 0, 0, 17, 376.32, 610044, 468, 0, 0
1624, 2, 753, 782, 141, 0, 43.94%, 0, 0, 17, 375.18, 612013, 468, 0, 0
1629, 2, 757, 782, 140, 0, 43.94%, 0, 0, 17, 61.59, 612595, 468, 0, 0
1634, 2, 757, 782, 140, 0, 43.94%, 0, 0, 17, 60.98, 612903, 468, 0, 0
1639, 2, 757, 782, 140, 0, 43.94%, 0, 0, 17, 60.93, 613210, 468, 0, 0
1644, 2, 757, 782, 140, 0, 43.94%, 0, 0, 17, 60.43, 613516, 468, 0, 0
1649, 2, 757, 782, 140, 0, 43.94%, 0, 0, 17, 60.29, 613822, 468, 0, 0
1654, 2, 757, 782, 140, 0, 43.94%, 0, 0, 17, 59.81, 614131, 468, 0, 0
1660, 2, 757, 783, 141, 0, 44.04%, 0, 0, 17, 65.40, 614486, 469, 0, 0
1665, 2, 782, 783, 140, 1, 44.04%, 0, 0, 17, 144.36, 615251, 469, 0, 0
1671, 2, 782, 783, 140, 1, 44.04%, 0, 0, 17, 169.33, 616343, 469, 0, 0
1676, 2, 782, 783, 140, 1, 44.04%, 0, 0, 17, 177.95, 617250, 469, 0, 0
1681, 2, 782, 783, 140, 1, 44.04%, 0, 0, 17, 180.47, 618171, 469, 0, 0
1686, 2, 782, 783, 140, 1, 44.04%, 0, 0, 17, 179.88, 619086, 469, 0, 0
1691, 2, 782, 783, 140, 1, 44.04%, 0, 0, 17, 179.93, 619989, 469, 0, 0
1696, 2, 782, 783, 140, 1, 44.04%, 0, 0, 17, 184.32, 620922, 469, 0, 0
1701, 2, 782, 783, 140, 1, 44.04%, 0, 0, 17, 181.19, 621834, 469, 0, 0
1706, 2, 782, 783, 140, 1, 44.04%, 0, 0, 17, 182.20, 622776, 469, 0, 0
1711, 2, 782, 783, 140, 1, 44.04%, 0, 0, 17, 183.83, 623718, 469, 0, 0
1716, 2, 782, 783, 140, 1, 44.04%, 0, 0, 17, 182.39, 624633, 469, 0, 0
1721, 2, 782, 783, 140, 1, 44.04%, 0, 0, 17, 177.70, 625554, 469, 0, 0
1727, 2, 782, 783, 140, 1, 44.04%, 0, 0, 17, 179.63, 626466, 469, 0, 0
1732, 2, 782, 783, 140, 1, 44.04%, 0, 0, 17, 173.38, 627327, 469, 0, 0
1737, 2, 782, 783, 140, 1, 44.04%, 0, 0, 17, 179.91, 628254, 469, 0, 0
1742, 2, 782, 783, 140, 1, 44.04%, 0, 0, 17, 181.03, 629163, 469, 0, 0
1747, 2, 782, 783, 140, 1, 44.04%, 0, 0, 17, 181.69, 630075, 469, 0, 0
1752, 2, 782, 783, 140, 1, 44.04%, 0, 0, 17, 178.66, 630978, 469, 0, 0
1757, 2, 782, 783, 140, 1, 44.04%, 0, 0, 17, 180.84, 631893, 469, 0, 0
1762, 2, 782, 783, 140, 1, 44.04%, 0, 0, 17, 179.77, 632823, 469, 0, 0
1767, 2, 782, 783, 140, 1, 44.04%, 0, 0, 17, 182.20, 633747, 469, 0, 0
1772, 2, 782, 783, 140, 1, 44.04%, 0, 0, 17, 181.87, 634671, 469, 0, 0
1777, 2, 782, 783, 140, 1, 44.04%, 0, 0, 17, 179.10, 635568, 469, 0, 0
1782, 2, 782, 783, 140, 1, 44.04%, 0, 0, 17, 179.97, 636477, 469, 0, 0
1787, 2, 782, 783, 140, 1, 44.04%, 0, 0, 17, 181.81, 637398, 469, 0, 0
1792, 2, 782, 783, 140, 1, 44.04%, 0, 0, 17, 182.82, 638322, 469, 0, 0
1797, 2, 541, 783, 139, 0, 44.04%, 0, 0, 17, 181.59, 639233, 469, 0, 0
1803, 2, 744, 783, 138, 0, 44.04%, 0, 0, 17, 319.61, 641455, 469, 0, 0
1808, 2, 767, 785, 139, 0, 44.04%, 0, 0, 17, 359.43, 643385, 469, 0, 0
1814, 2, 758, 785, 138, 0, 44.04%, 0, 0, 17, 375.84, 645735, 469, 0, 0
1819, 2, 758, 790, 143, 0, 44.04%, 0, 0, 17, 390.54, 647723, 469, 0, 0
1824, 2, 758, 790, 143, 0, 44.04%, 0, 0, 17, 383.37, 649648, 469, 0, 0
1829, 2, 758, 790, 143, 0, 44.04%, 0, 0, 17, 394.36, 651615, 469, 0, 0
1834, 2, 781, 790, 141, 0, 44.04%, 0, 0, 17, 387.91, 653605, 469, 0, 0
1839, 2, 781, 791, 142, 0, 44.04%, 0, 0, 17, 372.46, 655457, 469, 0, 0
1844, 2, 781, 793, 144, 0, 44.04%, 0, 0, 17, 360.28, 657263, 469, 0, 0
1849, 2, 781, 794, 145, 0, 44.04%, 0, 0, 17, 362.49, 659105, 469, 0, 0
1854, 2, 781, 794, 145, 0, 44.04%, 0, 0, 17, 361.22, 660904, 469, 0, 0
1859, 2, 782, 795, 145, 0, 44.04%, 0, 0, 17, 377.19, 662794, 469, 0, 0
1864, 2, 771, 795, 145, 0, 44.04%, 0, 0, 17, 375.33, 664564, 469, 0, 0
1870, 2, 740, 795, 144, 0, 44.04%, 0, 0, 17, 411.46, 667209, 469, 0, 0
1876, 2, 794, 795, 143, 0, 44.04%, 0, 0, 17, 388.11, 669210, 469, 0, 0
1881, 2, 794, 796, 144, 0, 44.04%, 0, 0, 17, 374.87, 671089, 469, 0, 0
1886, 2, 786, 796, 143, 0, 44.04%, 0, 0, 17, 386.57, 673076, 469, 0, 0
1891, 2, 340, 796, 142, 0, 44.04%, 0, 0, 17, 398.84, 675139, 469, 0, 0
1897, 2, 789, 796, 142, 0, 44.04%, 0, 0, 17, 363.08, 677394, 469, 0, 0
1902, 2, 789, 800, 146, 0, 44.04%, 0, 0, 17, 367.12, 679291, 469, 0, 0
1908, 2, 789, 801, 147, 0, 44.04%, 0, 0, 17, 381.93, 681279, 469, 0, 0
1913, 2, 789, 802, 148, 0, 44.04%, 0, 0, 17, 366.92, 683113, 469, 0, 0
1918, 2, 793, 803, 148, 0, 44.04%, 0, 0, 17, 362.20, 684944, 469, 0, 0
1923, 2, 793, 805, 150, 0, 44.04%, 0, 0, 17, 358.61, 686774, 469, 0, 0
1928, 2, 793, 806, 151, 0, 44.04%, 0, 0, 17, 354.94, 688560, 469, 0, 0
1933, 2, 793, 806, 151, 0, 44.04%, 0, 0, 17, 347.95, 690298, 469, 0, 0
1938, 2, 764, 806, 150, 0, 44.04%, 0, 0, 17, 376.98, 692460, 469, 0, 0
1944, 2, 791, 807, 150, 0, 44.04%, 0, 0, 17, 376.63, 694424, 469, 0, 0
1949, 2, 514, 807, 149, 0, 44.04%, 0, 0, 17, 384.91, 696367, 469, 0, 0
1954, 2, 792, 808, 150, 0, 44.04%, 0, 0, 17, 403.50, 698465, 469, 0, 0
1959, 2, 792, 808, 150, 0, 44.04%, 0, 0, 17, 367.07, 700556, 469, 0, 0
1964, 2, 792, 811, 153, 0, 44.04%, 0, 0, 17, 360.19, 702369, 469, 0, 0
1969, 2, 792, 812, 154, 0, 44.04%, 0, 0, 17, 354.35, 704161, 469, 0, 0
1974, 2, 792, 812, 154, 0, 44.04%, 0, 0, 17, 351.02, 705911, 469, 0, 0
1980, 2, 792, 812, 154, 0, 44.04%, 0, 0, 17, 348.17, 707675, 469, 0, 0
1986, 2, 805, 812, 152, 0, 44.04%, 0, 0, 17, 345.10, 710086, 469, 0, 0
1991, 2, 805, 816, 156, 0, 44.04%, 0, 0, 17, 340.49, 711789, 469, 0, 0
1997, 2, 805, 819, 159, 0, 44.04%, 0, 0, 17, 362.54, 713699, 469, 0, 0
2002, 2, 805, 819, 159, 0, 44.04%, 0, 0, 17, 352.11, 715477, 469, 0, 0
2007, 2, 805, 819, 159, 0, 44.04%, 0, 0, 17, 349.97, 717272, 469, 0, 0
2014, 2, 802, 819, 158, 0, 44.04%, 0, 0, 17, 364.35, 719782, 469, 0, 0
2019, 2, 807, 820, 158, 0, 44.04%, 0, 0, 17, 385.23, 721827, 469, 0, 0
2024, 2, 807, 825, 163, 0, 44.04%, 0, 0, 17, 409.98, 723910, 469, 0, 0
2029, 2, 776, 825, 161, 0, 44.04%, 0, 0, 17, 366.92, 725829, 469, 0, 0
2034, 2, 776, 825, 161, 0, 44.04%, 0, 0, 17, 182.90, 726513, 469, 0, 0
2039, 2, 776, 825, 161, 0, 44.04%, 0, 0, 17, 145.70, 727203, 469, 0, 0
2046, 2, 776, 825, 161, 0, 44.04%, 0, 0, 17, 137.86, 728066, 469, 0, 0
2052, 2, 594, 826, 160, 0, 44.04%, 0, 0, 17, 309.66, 730092, 469, 0, 0
2057, 2, 808, 826, 159, 0, 44.04%, 0, 0, 17, 336.54, 731899, 469, 0, 0
2062, 2, 811, 826, 157, 0, 44.04%, 0, 0, 17, 317.01, 733492, 469, 0, 0
2067, 2, 811, 826, 157, 0, 44.04%, 0, 0, 17, 322.30, 735112, 469, 0, 0
2072, 2, 811, 828, 159, 0, 44.04%, 0, 0, 17, 330.43, 736862, 469, 0, 0
2077, 2, 806, 828, 158, 0, 44.04%, 0, 0, 17, 336.03, 738548, 469, 0, 0
2082, 2, 806, 831, 161, 0, 44.04%, 0, 0, 17, 349.08, 740319, 469, 0, 0
2087, 2, 806, 831, 161, 0, 44.04%, 0, 0, 17, 365.91, 742173, 469, 0, 0
2094, 2, 798, 831, 160, 0, 44.04%, 0, 0, 17, 350.19, 744714, 469, 0, 0
2099, 2, 772, 832, 160, 0, 44.04%, 0, 0, 17, 362.25, 746535, 469, 0, 0
2105, 2, 772, 832, 160, 0, 44.04%, 0, 0, 17, 375.26, 748512, 469, 0, 0
2110, 2, 772, 837, 165, 0, 44.04%, 0, 0, 17, 394.24, 750500, 469, 0, 0
2115, 2, 772, 837, 165, 0, 44.04%, 0, 0, 17, 390.21, 752475, 469, 0, 0
2120, 2, 772, 837, 165, 0, 44.04%, 0, 0, 17, 389.57, 754414, 469, 0, 0
2125, 2, 773, 837, 164, 0, 44.04%, 0, 0, 17, 373.83, 756308, 469, 0, 0
2130, 2, 773, 837, 164, 0, 44.04%, 0, 0, 17, 347.05, 758054, 469, 0, 0
2135, 2, 804, 837, 162, 0, 44.04%, 0, 0, 17, 346.07, 759835, 469, 0, 0
2140, 2, 818, 837, 161, 0, 44.04%, 0, 0, 17, 323.07, 761446, 469, 0, 0
2145, 2, 818, 841, 165, 0, 44.04%, 0, 0, 17, 317.03, 763046, 469, 0, 0
2150, 2, 818, 841, 165, 0, 44.04%, 0, 0, 17, 307.18, 764594, 469, 0, 0
2155, 2, 818, 842, 166, 0, 44.04%, 0, 0, 17, 309.58, 766188, 469, 0, 0
2160, 2, 818, 842, 166, 0, 44.04%, 0, 0, 17, 307.52, 767748, 469, 0, 0
2165, 2, 818, 843, 167, 0, 44.04%, 0, 0, 17, 314.89, 769363, 469, 0, 0
2170, 2, 818, 843, 167, 0, 44.04%, 0, 0, 17, 312.39, 770924, 469, 0, 0
2175, 2, 819, 843, 166, 0, 44.04%, 0, 0, 17, 340.93, 772663, 469, 0, 0
2181, 2, 819, 844, 167, 0, 44.04%, 0, 0, 17, 349.58, 774445, 469, 0, 0
2187, 2, 725, 844, 166, 0, 44.04%, 0, 0, 17, 370.85, 776967, 469, 0, 0
2192, 2, 840, 844, 165, 0, 44.04%, 0, 0, 17, 303.03, 778503, 469, 0, 0
2197, 2, 838, 844, 164, 0, 44.04%, 0, 0, 17, 303.02, 780027, 469, 0, 0
2203, 2, 838, 844, 164, 0, 44.04%, 0, 0, 17, 312.45, 781659, 469, 0, 0
2208, 2, 834, 844, 163, 0, 44.04%, 0, 0, 17, 333.37, 783333, 469, 0, 0
2213, 2, 834, 849, 168, 0, 44.04%, 0, 0, 17, 356.63, 785204, 469, 0, 0
2218, 2, 834, 849, 168, 0, 44.04%, 0, 0, 17, 365.11, 787045, 469, 0, 0
2223, 2, 834, 849, 168, 0, 44.04%, 0, 0, 17, 373.09, 788977, 469, 0, 0
2228, 2, 834, 850, 169, 0, 44.04%, 0, 0, 17, 365.06, 790853, 469, 0, 0
2235, 2, 830, 850, 168, 0, 44.04%, 0, 0, 17, 347.26, 793291, 469, 0, 0
2240, 2, 845, 850, 167, 0, 44.04%, 0, 0, 17, 356.25, 795141, 469, 0, 0
2245, 2, 759, 850, 166, 0, 44.04%, 0, 0, 17, 375.95, 797108, 469, 0, 0
2251, 2, 833, 850, 165, 0, 44.04%, 0, 0, 17, 384.92, 799112, 469, 0, 0
2256, 2, 833, 850, 165, 0, 44.04%, 0, 0, 17, 367.86, 800948, 469, 0, 0
2261, 2, 843, 850, 164, 0, 44.04%, 0, 0, 17, 344.81, 802714, 469, 0, 0
2266, 2, 843, 853, 167, 0, 44.04%, 0, 0, 17, 332.56, 804418, 469, 0, 0
2271, 2, 843, 853, 167, 0, 44.04%, 0, 0, 17, 339.06, 806122, 469, 0, 0
2276, 2, 843, 853, 167, 0, 44.04%, 0, 0, 17, 335.61, 807796, 469, 0, 0
2281, 2, 809, 853, 166, 0, 44.04%, 0, 0, 17, 336.98, 809494, 469, 0, 0
2286, 2, 835, 853, 165, 0, 44.04%, 0, 0, 17, 340.33, 811211, 469, 0, 0
2293, 2, 835, 853, 165, 0, 44.04%, 0, 0, 17, 348.11, 813594, 469, 0, 0
2298, 2, 701, 853, 163, 0, 44.04%, 0, 0, 17, 373.53, 815532, 469, 0, 0
2303, 2, 785, 853, 161, 0, 44.04%, 0, 0, 17, 371.52, 817434, 469, 0, 0
2310, 2, 785, 853, 161, 0, 44.04%, 0, 0, 17, 377.89, 819962, 469, 0, 0
2315, 2, 451, 854, 160, 0, 44.04%, 0, 0, 17, 384.60, 821896, 469, 0, 0
2320, 2, 774, 854, 160, 0, 44.04%, 0, 0, 17, 341.47, 823577, 469, 0, 0
2325, 2, 829, 854, 159, 0, 44.04%, 0, 0, 17, 351.30, 825404, 469, 0, 0
2330, 2, 853, 854, 158, 0, 44.04%, 0, 0, 17, 357.82, 827283, 469, 0, 0
2335, 2, 853, 855, 159, 0, 44.04%, 0, 0, 17, 359.43, 829086, 469, 0, 0
2340, 2, 810, 855, 158, 0, 44.04%, 0, 0, 17, 339.96, 830786, 469, 0, 0
2345, 2, 340, 855, 157, 0, 44.04%, 0, 0, 17, 379.35, 832709, 469, 0, 0
2351, 2, 854, 855, 157, 0, 44.04%, 0, 0, 17, 359.08, 834865, 469, 0, 0
2356, 2, 854, 858, 160, 0, 44.04%, 0, 0, 17, 350.87, 836630, 469, 0, 0
2361, 2, 854, 858, 160, 0, 44.04%, 0, 0, 17, 359.63, 838471, 469, 0, 0
2367, 2, 854, 858, 160, 0, 44.04%, 0, 0, 17, 365.46, 840312, 469, 0, 0
2372, 2, 854, 858, 160, 0, 44.04%, 0, 0, 17, 362.10, 842146, 469, 0, 0
2377, 2, 854, 858, 160, 0, 44.04%, 0, 0, 17, 348.78, 843887, 469, 0, 0
2382, 2, 857, 858, 159, 0, 44.04%, 0, 0, 17, 338.49, 845579, 469, 0, 0
2387, 2, 857, 858, 159, 0, 44.04%, 0, 0, 17, 341.92, 847335, 469, 0, 0
2392, 2, 660, 859, 159, 0, 44.04%, 0, 0, 17, 348.19, 849249, 469, 0, 0
2397, 2, 790, 859, 159, 0, 44.04%, 0, 0, 17, 377.64, 851260, 469, 0, 0
2401, 2, 790, 859, 159, 0, 44.04%, 0, 0, 17, 0.00, 852779, 469, 0, 0
