# relative_time, cycles_done, cur_item, corpus_count, pending_total, pending_favs, map_size, saved_crashes, saved_hangs, max_depth, execs_per_sec, total_execs, edges_found, total_crashes, servers_count
60, 4, 11, 18, 6, 0, 16.05%, 0, 0, 5, 294.41, 17876, 117, 0, 0
65, 4, 11, 18, 6, 0, 16.05%, 0, 0, 5, 305.54, 19410, 117, 0, 0
71, 4, 13, 18, 5, 0, 16.05%, 0, 0, 5, 298.79, 20946, 117, 0, 0
76, 4, 14, 18, 5, 0, 16.05%, 0, 0, 5, 302.20, 22479, 117, 0, 0
81, 4, 12, 18, 4, 0, 16.05%, 0, 0, 5, 298.88, 23969, 117, 0, 0
86, 5, 13, 18, 2, 0, 16.05%, 0, 0, 5, 305.71, 25549, 117, 0, 0
91, 5, 13, 18, 2, 0, 16.05%, 0, 0, 5, 302.04, 27109, 117, 0, 0
96, 6, 1, 19, 2, 0, 16.05%, 0, 0, 6, 308.96, 28700, 117, 0, 0
101, 6, 13, 19, 2, 0, 16.05%, 0, 0, 6, 304.30, 30244, 117, 0, 0
106, 6, 18, 19, 2, 0, 16.05%, 0, 0, 6, 299.36, 31776, 117, 0, 0
111, 6, 10, 19, 1, 0, 16.05%, 0, 0, 6, 297.98, 33286, 117, 0, 0
116, 7, 8, 19, 1, 0, 16.05%, 0, 0, 6, 294.04, 34766, 117, 0, 0
122, 7, 10, 19, 1, 0, 16.05%, 0, 0, 6, 306.56, 36351, 117, 0, 0
127, 7, 13, 19, 1, 0, 16.05%, 0, 0, 6, 302.54, 37883, 117, 0, 0
132, 8, 13, 20, 2, 0, 16.05%, 0, 0, 6, 302.85, 39433, 117, 0, 0
137, 8, 8, 20, 2, 0, 16.05%, 0, 0, 6, 298.93, 40943, 117, 0, 0
142, 8, 7, 20, 2, 0, 16.05%, 0, 0, 6, 304.79, 42490, 117, 0, 0
147, 9, 10, 20, 2, 0, 16.05%, 0, 0, 6, 303.39, 44027, 117, 0, 0
152, 9, 19, 21, 3, 0, 16.05%, 0, 0, 7, 291.61, 45512, 117, 0, 0
157, 9, 13, 21, 2, 0, 16.05%, 0, 0, 7, 295.34, 47042, 117, 0, 0
162, 9, 20, 21, 2, 0, 16.05%, 0, 0, 7, 287.28, 48461, 117, 0, 0
167, 9, 13, 21, 1, 0, 16.05%, 0, 0, 7, 289.80, 49921, 117, 0, 0
172, 10, 8, 21, 1, 0, 16.05%, 0, 0, 7, 307.49, 51488, 117, 0, 0
177, 10, 10, 21, 1, 0, 16.05%, 0, 0, 7, 299.78, 53001, 117, 0, 0
182, 10, 8, 21, 1, 0, 16.05%, 0, 0, 7, 306.30, 54519, 117, 0, 0
187, 11, 10, 22, 2, 0, 16.05%, 0, 0, 7, 314.47, 56134, 117, 0, 0
192, 11, 13, 22, 2, 0, 16.05%, 0, 0, 7, 300.65, 57634, 117, 0, 0
198, 11, 21, 22, 1, 0, 16.05%, 0, 0, 7, 302.71, 59218, 117, 0, 0
203, 11, 21, 23, 2, 0, 16.05%, 0, 0, 7, 317.78, 60827, 117, 0, 0
208, 11, 22, 23, 1, 0, 16.05%, 0, 0, 7, 319.63, 62441, 117, 0, 0
213, 12, 10, 23, 0, 0, 16.05%, 0, 0, 7, 325.20, 64077, 117, 0, 0
218, 12, 14, 23, 0, 0, 16.05%, 0, 0, 7, 293.36, 65522, 117, 0, 0
223, 12, 10, 23, 0, 0, 16.05%, 0, 0, 7, 287.32, 66952, 117, 0, 0
228, 12, 10, 23, 0, 0, 16.05%, 0, 0, 7, 294.90, 68447, 117, 0, 0
233, 13, 22, 23, 0, 0, 16.05%, 0, 0, 7, 297.95, 69992, 117, 0, 0
238, 13, 13, 23, 0, 0, 16.05%, 0, 0, 7, 301.63, 71559, 117, 0, 0
243, 13, 13, 23, 0, 0, 16.05%, 0, 0, 7, 296.14, 73044, 117, 0, 0
248, 13, 8, 23, 0, 0, 16.05%, 0, 0, 7, 303.61, 74583, 117, 0, 0
253, 14, 13, 23, 0, 0, 16.05%, 0, 0, 7, 298.50, 76122, 117, 0, 0
258, 14, 13, 23, 0, 0, 16.05%, 0, 0, 7, 294.32, 77602, 117, 0, 0
264, 14, 13, 23, 0, 0, 16.05%, 0, 0, 7, 300.79, 79181, 117, 0, 0
269, 14, 10, 23, 0, 0, 16.05%, 0, 0, 7, 310.55, 80724, 117, 0, 0
274, 15, 13, 23, 0, 0, 16.05%, 0, 0, 7, 322.78, 82425, 117, 0, 0
279, 15, 10, 23, 0, 0, 16.05%, 0, 0, 7, 320.85, 84040, 117, 0, 0
284, 15, 13, 23, 0, 0, 16.05%, 0, 0, 7, 307.97, 85588, 117, 0, 0
289, 16, 10, 23, 0, 0, 16.05%, 0, 0, 7, 300.93, 87077, 117, 0, 0
294, 16, 10, 23, 0, 0, 16.05%, 0, 0, 7, 316.21, 88720, 117, 0, 0
299, 16, 10, 23, 0, 0, 16.05%, 0, 0, 7, 303.21, 90245, 117, 0, 0
304, 16, 13, 23, 0, 0, 16.05%, 0, 0, 7, 304.72, 91771, 117, 0, 0
309, 17, 10, 23, 0, 0, 16.05%, 0, 0, 7, 296.14, 93302, 117, 0, 0
314, 17, 10, 23, 0, 0, 16.05%, 0, 0, 7, 298.96, 94817, 117, 0, 0
319, 17, 13, 23, 0, 0, 16.05%, 0, 0, 7, 297.34, 96302, 117, 0, 0
324, 17, 22, 23, 0, 0, 16.05%, 0, 0, 7, 296.45, 97807, 117, 0, 0
329, 18, 21, 23, 0, 0, 16.05%, 0, 0, 7, 287.38, 99237, 117, 0, 0
335, 18, 8, 23, 0, 0, 16.05%, 0, 0, 7, 286.26, 100707, 117, 0, 0
340, 18, 10, 23, 0, 0, 16.05%, 0, 0, 7, 293.21, 102187, 117, 0, 0
345, 19, 8, 23, 0, 0, 16.05%, 0, 0, 7, 300.86, 103690, 117, 0, 0
350, 19, 8, 23, 0, 0, 16.05%, 0, 0, 7, 305.56, 105220, 117, 0, 0
355, 20, 10, 23, 0, 0, 16.05%, 0, 0, 7, 307.40, 106773, 117, 0, 0
360, 20, 8, 23, 0, 0, 16.05%, 0, 0, 7, 311.55, 108344, 117, 0, 0
365, 20, 10, 23, 0, 0, 16.05%, 0, 0, 7, 310.52, 109976, 117, 0, 0
370, 21, 10, 23, 0, 0, 16.05%, 0, 0, 7, 313.32, 111543, 117, 0, 0
375, 21, 13, 23, 0, 0, 16.05%, 0, 0, 7, 301.77, 113098, 117, 0, 0
380, 21, 10, 23, 0, 0, 16.05%, 0, 0, 7, 303.84, 114604, 117, 0, 0
385, 21, 10, 23, 0, 0, 16.05%, 0, 0, 7, 308.65, 116159, 117, 0, 0
390, 22, 22, 23, 0, 0, 16.05%, 0, 0, 7, 314.29, 117741, 117, 0, 0
395, 22, 13, 23, 0, 0, 16.05%, 0, 0, 7, 315.71, 119321, 117, 0, 0
400, 22, 10, 23, 0, 0, 16.05%, 0, 0, 7, 319.35, 120977, 117, 0, 0
406, 22, 10, 23, 0, 0, 16.05%, 0, 0, 7, 319.39, 122623, 117, 0, 0
411, 23, 8, 23, 0, 0, 16.05%, 0, 0, 7, 318.68, 124280, 117, 0, 0
416, 23, 10, 23, 0, 0, 16.05%, 0, 0, 7, 309.54, 125841, 117, 0, 0
421, 23, 13, 23, 0, 0, 16.05%, 0, 0, 7, 316.03, 127431, 117, 0, 0
426, 24, 13, 23, 0, 0, 16.05%, 0, 0, 7, 317.71, 129090, 117, 0, 0
431, 24, 10, 23, 0, 0, 16.05%, 0, 0, 7, 313.22, 130670, 117, 0, 0
436, 24, 8, 23, 0, 0, 16.05%, 0, 0, 7, 310.81, 132227, 117, 0, 0
441, 24, 10, 23, 0, 0, 16.05%, 0, 0, 7, 310.42, 133788, 117, 0, 0
448, 24, 23, 24, 1, 0, 16.05%, 0, 0, 7, 307.41, 135746, 117, 0, 0
453, 25, 10, 24, 0, 0, 16.05%, 0, 0, 7, 312.44, 137330, 117, 0, 0
458, 25, 10, 24, 0, 0, 16.05%, 0, 0, 7, 314.11, 138963, 117, 0, 0
463, 25, 23, 24, 0, 0, 16.05%, 0, 0, 7, 305.38, 140489, 117, 0, 0
468, 25, 23, 25, 1, 0, 16.05%, 0, 0, 8, 306.77, 142062, 117, 0, 0
473, 25, 23, 26, 2, 0, 16.05%, 0, 0, 8, 300.45, 143580, 117, 0, 0
478, 25, 10, 26, 2, 0, 16.05%, 0, 0, 8, 309.82, 145141, 117, 0, 0
483, 25, 24, 26, 2, 0, 16.05%, 0, 0, 8, 311.55, 146720, 117, 0, 0
488, 25, 24, 26, 2, 0, 16.05%, 0, 0, 8, 292.03, 148170, 117, 0, 0
493, 26, 10, 26, 1, 0, 16.05%, 0, 0, 8, 290.12, 149670, 117, 0, 0
499, 26, 24, 26, 1, 0, 16.05%, 0, 0, 8, 287.74, 151110, 117, 0, 0
504, 26, 13, 26, 1, 0, 16.05%, 0, 0, 8, 296.57, 152660, 117, 0, 0
509, 26, 25, 26, 1, 0, 16.05%, 0, 0, 8, 287.64, 154086, 117, 0, 0
514, 26, 25, 27, 2, 0, 16.05%, 0, 0, 9, 302.64, 155633, 117, 0, 0
519, 26, 25, 28, 3, 0, 16.05%, 0, 0, 9, 298.36, 157165, 117, 0, 0
524, 26, 25, 28, 3, 0, 16.05%, 0, 0, 9, 303.47, 158694, 117, 0, 0
529, 26, 25, 28, 3, 0, 16.05%, 0, 0, 9, 306.43, 160248, 117, 0, 0
534, 26, 24, 28, 2, 0, 16.05%, 0, 0, 9, 307.45, 161814, 117, 0, 0
539, 26, 22, 28, 2, 0, 16.05%, 0, 0, 9, 310.20, 163390, 117, 0, 0
544, 26, 14, 28, 2, 0, 16.05%, 0, 0, 9, 310.68, 164950, 117, 0, 0
551, 26, 26, 28, 2, 0, 16.05%, 0, 0, 9, 302.51, 166979, 117, 0, 0
556, 26, 26, 28, 2, 0, 16.05%, 0, 0, 9, 311.77, 168563, 117, 0, 0
561, 27, 13, 28, 1, 0, 16.05%, 0, 0, 9, 314.50, 170114, 117, 0, 0
566, 27, 24, 28, 1, 0, 16.05%, 0, 0, 9, 319.51, 171754, 117, 0, 0
571, 27, 10, 28, 1, 0, 16.05%, 0, 0, 9, 310.26, 173320, 117, 0, 0
576, 27, 26, 28, 1, 0, 16.05%, 0, 0, 9, 320.89, 174943, 117, 0, 0
581, 27, 23, 28, 1, 0, 16.05%, 0, 0, 9, 319.94, 176527, 117, 0, 0
586, 27, 23, 28, 1, 0, 16.05%, 0, 0, 9, 326.34, 178223, 117, 0, 0
591, 28, 13, 28, 1, 0, 16.05%, 0, 0, 9, 313.47, 179779, 117, 0, 0
596, 28, 13, 28, 1, 0, 16.05%, 0, 0, 9, 315.22, 181372, 117, 0, 0
602, 28, 27, 29, 2, 0, 16.05%, 0, 0, 10, 311.87, 182938, 117, 0, 0
607, 28, 27, 30, 3, 0, 16.05%, 0, 0, 10, 307.77, 184499, 117, 0, 0
612, 28, 27, 30, 3, 0, 16.05%, 0, 0, 10, 311.74, 186107, 117, 0, 0
617, 28, 27, 30, 3, 0, 16.05%, 0, 0, 10, 301.88, 187637, 117, 0, 0
622, 28, 27, 30, 3, 0, 16.05%, 0, 0, 10, 310.50, 189233, 117, 0, 0
627, 28, 29, 31, 3, 0, 16.05%, 0, 0, 10, 316.09, 190852, 117, 0, 0
632, 28, 29, 31, 3, 0, 16.05%, 0, 0, 10, 301.46, 192344, 117, 0, 0
637, 28, 29, 31, 2, 0, 16.05%, 0, 0, 10, 310.42, 193970, 117, 0, 0
643, 28, 31, 32, 3, 0, 16.05%, 0, 0, 10, 306.63, 195791, 117, 0, 0
648, 28, 28, 33, 3, 0, 16.05%, 0, 0, 10, 309.93, 197519, 117, 0, 0
653, 28, 32, 33, 2, 0, 16.05%, 0, 0, 10, 300.90, 199034, 117, 0, 0
659, 28, 32, 33, 2, 0, 16.05%, 0, 0, 10, 303.02, 200622, 117, 0, 0
664, 29, 10, 33, 1, 0, 16.05%, 0, 0, 10, 304.54, 202218, 117, 0, 0
669, 29, 20, 33, 1, 0, 16.05%, 0, 0, 10, 330.42, 203952, 117, 0, 0
674, 29, 30, 33, 1, 0, 16.05%, 0, 0, 10, 302.76, 205502, 117, 0, 0
679, 29, 30, 34, 2, 0, 16.05%, 0, 0, 10, 294.35, 206978, 117, 0, 0
685, 29, 22, 34, 1, 0, 16.05%, 0, 0, 10, 292.41, 208508, 117, 0, 0
690, 29, 33, 34, 1, 0, 16.05%, 0, 0, 10, 300.73, 210078, 117, 0, 0
697, 29, 33, 34, 1, 0, 16.05%, 0, 0, 10, 291.79, 212066, 117, 0, 0
702, 29, 14, 34, 0, 0, 16.05%, 0, 0, 10, 305.44, 213616, 117, 0, 0
707, 30, 32, 34, 0, 0, 16.05%, 0, 0, 10, 305.41, 215155, 117, 0, 0
712, 30, 31, 34, 0, 0, 16.05%, 0, 0, 10, 309.96, 216702, 117, 0, 0
717, 30, 20, 34, 0, 0, 16.05%, 0, 0, 10, 306.15, 218228, 117, 0, 0
722, 31, 24, 34, 0, 0, 16.05%, 0, 0, 10, 322.30, 219900, 117, 0, 0
727, 31, 26, 34, 0, 0, 16.05%, 0, 0, 10, 307.94, 221461, 117, 0, 0
732, 31, 13, 34, 0, 0, 16.05%, 0, 0, 10, 309.81, 223021, 117, 0, 0
737, 32, 8, 34, 0, 0, 16.05%, 0, 0, 10, 311.48, 224589, 117, 0, 0
742, 32, 7, 34, 0, 0, 16.05%, 0, 0, 10, 310.25, 226153, 117, 0, 0
747, 32, 32, 34, 0, 0, 16.05%, 0, 0, 10, 308.00, 227681, 117, 0, 0
752, 32, 8, 34, 0, 0, 16.05%, 0, 0, 10, 318.18, 229277, 117, 0, 0
757, 33, 11, 34, 0, 0, 16.05%, 0, 0, 10, 328.94, 230996, 117, 0, 0
762, 33, 18, 34, 0, 0, 16.05%, 0, 0, 10, 307.81, 232540, 117, 0, 0
767, 33, 29, 34, 0, 0, 16.05%, 0, 0, 10, 318.73, 234127, 117, 0, 0
772, 33, 10, 34, 0, 0, 16.05%, 0, 0, 10, 316.52, 235716, 117, 0, 0
777, 34, 32, 34, 0, 0, 16.05%, 0, 0, 10, 310.51, 237272, 117, 0, 0
782, 34, 32, 34, 0, 0, 16.05%, 0, 0, 10, 307.02, 238812, 117, 0, 0
788, 34, 13, 34, 0, 0, 16.05%, 0, 0, 10, 322.07, 240484, 117, 0, 0
793, 34, 21, 34, 0, 0, 16.05%, 0, 0, 10, 329.28, 242186, 117, 0, 0
798, 35, 24, 35, 1, 0, 16.05%, 0, 0, 10, 326.17, 243869, 117, 0, 0
803, 35, 15, 35, 1, 0, 16.05%, 0, 0, 10, 335.29, 245555, 117, 0, 0
808, 35, 34, 35, 1, 0, 16.05%, 0, 0, 10, 323.75, 247174, 117, 0, 0
813, 35, 34, 35, 1, 0, 16.05%, 0, 0, 10, 320.17, 248805, 117, 0, 0
818, 35, 22, 35, 0, 0, 16.05%, 0, 0, 10, 345.19, 250597, 117, 0, 0
823, 36, 10, 35, 0, 0, 16.05%, 0, 0, 10, 338.37, 252290, 117, 0, 0
828, 36, 13, 35, 0, 0, 16.05%, 0, 0, 10, 334.50, 253974, 117, 0, 0
833, 36, 13, 35, 0, 0, 16.05%, 0, 0, 10, 333.11, 255641, 117, 0, 0
838, 36, 13, 35, 0, 0, 16.05%, 0, 0, 10, 328.68, 257284, 117, 0, 0
844, 37, 32, 35, 0, 0, 16.05%, 0, 0, 10, 322.92, 258942, 117, 0, 0
849, 37, 29, 35, 0, 0, 16.05%, 0, 0, 10, 324.23, 260628, 117, 0, 0
854, 37, 32, 35, 0, 0, 16.05%, 0, 0, 10, 310.84, 262204, 117, 0, 0
859, 38, 5, 35, 0, 0, 16.05%, 0, 0, 10, 320.08, 263847, 117, 0, 0
864, 38, 10, 35, 0, 0, 16.05%, 0, 0, 10, 318.41, 265449, 117, 0, 0
869, 38, 24, 35, 0, 0, 16.05%, 0, 0, 10, 317.50, 267045, 117, 0, 0
874, 38, 34, 35, 0, 0, 16.05%, 0, 0, 10, 312.21, 268618, 117, 0, 0
879, 39, 32, 35, 0, 0, 16.05%, 0, 0, 10, 314.30, 270208, 117, 0, 0
884, 39, 30, 35, 0, 0, 16.05%, 0, 0, 10, 318.55, 271838, 117, 0, 0
889, 39, 18, 35, 0, 0, 16.05%, 0, 0, 10, 323.65, 273454, 117, 0, 0
894, 39, 24, 35, 0, 0, 16.05%, 0, 0, 10, 328.99, 275160, 117, 0, 0
900, 40, 10, 35, 0, 0, 16.05%, 0, 0, 10, 326.43, 276879, 117, 0, 0
905, 40, 34, 35, 0, 0, 16.05%, 0, 0, 10, 325.35, 278522, 117, 0, 0
910, 40, 35, 36, 1, 0, 16.05%, 0, 0, 10, 307.06, 280105, 117, 0, 0
915, 40, 35, 36, 1, 0, 16.05%, 0, 0, 10, 315.13, 281758, 117, 0, 0
920, 40, 8, 36, 0, 0, 16.05%, 0, 0, 10, 328.73, 283400, 117, 0, 0
925, 41, 13, 36, 0, 0, 16.05%, 0, 0, 10, 341.00, 285128, 117, 0, 0
930, 41, 34, 36, 0, 0, 16.05%, 0, 0, 10, 318.45, 286715, 117, 0, 0
935, 41, 35, 36, 0, 0, 16.05%, 0, 0, 10, 324.99, 288358, 117, 0, 0
940, 41, 29, 36, 0, 0, 16.05%, 0, 0, 10, 330.62, 290032, 117, 0, 0
945, 42, 35, 36, 0, 0, 16.05%, 0, 0, 10, 316.40, 291675, 117, 0, 0
950, 42, 13, 36, 0, 0, 16.05%, 0, 0, 10, 321.41, 293331, 117, 0, 0
955, 42, 35, 36, 0, 0, 16.05%, 0, 0, 10, 312.02, 294911, 117, 0, 0
960, 43, 18, 36, 0, 0, 16.05%, 0, 0, 10, 313.50, 296479, 117, 0, 0
966, 43, 11, 36, 0, 0, 16.05%, 0, 0, 10, 317.63, 298135, 117, 0, 0
971, 43, 29, 36, 0, 0, 16.05%, 0, 0, 10, 316.64, 299763, 117, 0, 0
976, 43, 29, 36, 0, 0, 16.05%, 0, 0, 10, 299.21, 301262, 117, 0, 0
981, 44, 29, 36, 0, 0, 16.05%, 0, 0, 10, 292.78, 302735, 117, 0, 0
986, 44, 30, 36, 0, 0, 16.05%, 0, 0, 10, 291.25, 304195, 117, 0, 0
991, 44, 35, 36, 0, 0, 16.05%, 0, 0, 10, 308.09, 305732, 117, 0, 0
996, 44, 13, 36, 0, 0, 16.05%, 0, 0, 10, 311.86, 307343, 117, 0, 0
1001, 45, 24, 36, 0, 0, 16.05%, 0, 0, 10, 312.94, 308957, 117, 0, 0
1006, 45, 30, 36, 0, 0, 16.05%, 0, 0, 10, 319.91, 310563, 117, 0, 0
1011, 45, 8, 36, 0, 0, 16.05%, 0, 0, 10, 322.43, 312181, 117, 0, 0
1016, 46, 14, 36, 0, 0, 16.05%, 0, 0, 10, 317.72, 313766, 117, 0, 0
1021, 46, 1, 36, 0, 0, 16.05%, 0, 0, 10, 317.03, 315347, 117, 0, 0
1027, 46, 15, 36, 0, 0, 16.05%, 0, 0, 10, 310.86, 316959, 117, 0, 0
1032, 47, 34, 36, 0, 0, 16.05%, 0, 0, 10, 312.30, 318549, 117, 0, 0
1037, 47, 35, 36, 0, 0, 16.05%, 0, 0, 10, 309.23, 320171, 117, 0, 0
1042, 47, 26, 36, 0, 0, 16.05%, 0, 0, 10, 317.16, 321772, 117, 0, 0
1047, 48, 13, 36, 0, 0, 16.05%, 0, 0, 10, 321.38, 323393, 117, 0, 0
1052, 48, 21, 36, 0, 0, 16.05%, 0, 0, 10, 322.79, 325011, 117, 0, 0
1057, 48, 28, 36, 0, 0, 16.05%, 0, 0, 10, 320.66, 326629, 117, 0, 0
1062, 48, 10, 36, 0, 0, 16.05%, 0, 0, 10, 322.90, 328240, 117, 0, 0
1067, 49, 10, 36, 0, 0, 16.05%, 0, 0, 10, 317.24, 329817, 117, 0, 0
1072, 49, 22, 36, 0, 0, 16.05%, 0, 0, 10, 315.04, 331428, 117, 0, 0
1077, 50, 35, 36, 0, 0, 16.05%, 0, 0, 10, 316.54, 333033, 117, 0, 0
1082, 50, 10, 36, 0, 0, 16.05%, 0, 0, 10, 309.12, 334588, 117, 0, 0
1087, 50, 8, 36, 0, 0, 16.05%, 0, 0, 10, 313.80, 336165, 117, 0, 0
1092, 51, 35, 36, 0, 0, 16.05%, 0, 0, 10, 313.34, 337812, 117, 0, 0
1097, 51, 35, 36, 0, 0, 16.05%, 0, 0, 10, 310.16, 339367, 117, 0, 0
1102, 51, 10, 36, 0, 0, 16.05%, 0, 0, 10, 311.15, 340916, 117, 0, 0
1107, 51, 15, 36, 0, 0, 16.05%, 0, 0, 10, 311.91, 342492, 117, 0, 0
1113, 52, 34, 36, 0, 0, 16.05%, 0, 0, 10, 307.59, 344040, 117, 0, 0
1118, 52, 28, 36, 0, 0, 16.05%, 0, 0, 10, 311.73, 345605, 117, 0, 0
1123, 52, 29, 36, 0, 0, 16.05%, 0, 0, 10, 302.72, 347118, 117, 0, 0
1128, 52, 34, 36, 0, 0, 16.05%, 0, 0, 10, 310.27, 348707, 117, 0, 0
1133, 53, 33, 36, 0, 0, 16.05%, 0, 0, 10, 304.28, 350219, 117, 0, 0
1138, 53, 7, 36, 0, 0, 16.05%, 0, 0, 10, 315.31, 351847, 117, 0, 0
1143, 53, 29, 36, 0, 0, 16.05%, 0, 0, 10, 312.49, 353472, 117, 0, 0
1148, 53, 35, 36, 0, 0, 16.05%, 0, 0, 10, 309.99, 355037, 117, 0, 0
1153, 54, 21, 36, 0, 0, 16.05%, 0, 0, 10, 319.64, 356633, 117, 0, 0
1158, 54, 13, 36, 0, 0, 16.05%, 0, 0, 10, 309.14, 358183, 117, 0, 0
1163, 54, 24, 36, 0, 0, 16.05%, 0, 0, 10, 310.40, 359739, 117, 0, 0
1168, 54, 35, 36, 0, 0, 16.05%, 0, 0, 10, 324.60, 361448, 117, 0, 0
1173, 55, 13, 36, 0, 0, 16.05%, 0, 0, 10, 327.18, 363135, 117, 0, 0
1178, 55, 10, 36, 0, 0, 16.05%, 0, 0, 10, 318.37, 364717, 117, 0, 0
1183, 55, 8, 36, 0, 0, 16.05%, 0, 0, 10, 321.13, 366296, 117, 0, 0
1188, 56, 13, 36, 0, 0, 16.05%, 0, 0, 10, 318.90, 367882, 117, 0, 0
1193, 56, 13, 36, 0, 0, 16.05%, 0, 0, 10, 321.85, 369488, 117, 0, 0
1198, 56, 13, 36, 0, 0, 16.05%, 0, 0, 10, 317.75, 371071, 117, 0, 0
1204, 56, 10, 36, 0, 0, 16.05%, 0, 0, 10, 316.23, 372719, 117, 0, 0
1209, 57, 34, 36, 0, 0, 16.05%, 0, 0, 10, 312.48, 374308, 117, 0, 0
1214, 57, 25, 36, 0, 0, 16.05%, 0, 0, 10, 318.66, 375927, 117, 0, 0
1219, 57, 34, 36, 0, 0, 16.05%, 0, 0, 10, 315.57, 377517, 117, 0, 0
1224, 57, 13, 36, 0, 0, 16.05%, 0, 0, 10, 318.61, 379117, 117, 0, 0
1229, 58, 33, 36, 0, 0, 16.05%, 0, 0, 10, 310.98, 380674, 117, 0, 0
1234, 58, 13, 36, 0, 0, 16.05%, 0, 0, 10, 321.99, 382362, 117, 0, 0
1239, 58, 13, 36, 0, 0, 16.05%, 0, 0, 10, 321.26, 384021, 117, 0, 0
1245, 59, 13, 36, 0, 0, 16.05%, 0, 0, 10, 321.56, 385714, 117, 0, 0
1250, 59, 26, 36, 0, 0, 16.05%, 0, 0, 10, 319.43, 387310, 117, 0, 0
1255, 59, 18, 36, 0, 0, 16.05%, 0, 0, 10, 306.33, 388859, 117, 0, 0
1260, 60, 34, 36, 0, 0, 16.05%, 0, 0, 10, 294.99, 390330, 117, 0, 0
1265, 60, 13, 36, 0, 0, 16.05%, 0, 0, 10, 296.12, 391875, 117, 0, 0
1270, 60, 11, 36, 0, 0, 16.05%, 0, 0, 10, 294.01, 393360, 117, 0, 0
1275, 61, 25, 36, 0, 0, 16.05%, 0, 0, 10, 301.44, 394884, 117, 0, 0
1280, 61, 35, 36, 0, 0, 16.05%, 0, 0, 10, 298.48, 396385, 117, 0, 0
1285, 61, 8, 36, 0, 0, 16.05%, 0, 0, 10, 315.89, 397984, 117, 0, 0
1290, 61, 18, 36, 0, 0, 16.05%, 0, 0, 10, 310.58, 399558, 117, 0, 0
1295, 61, 24, 36, 0, 0, 16.05%, 0, 0, 10, 315.89, 401142, 117, 0, 0
1300, 62, 8, 36, 0, 0, 16.05%, 0, 0, 10, 314.29, 402744, 117, 0, 0
1305, 62, 20, 36, 0, 0, 16.05%, 0, 0, 10, 309.34, 404296, 117, 0, 0
1310, 62, 13, 36, 0, 0, 16.05%, 0, 0, 10, 304.21, 405869, 117, 0, 0
1315, 63, 29, 36, 0, 0, 16.05%, 0, 0, 10, 308.78, 407421, 117, 0, 0
1320, 63, 13, 36, 0, 0, 16.05%, 0, 0, 10, 302.08, 408927, 117, 0, 0
1326, 63, 35, 36, 0, 0, 16.05%, 0, 0, 10, 300.83, 410484, 117, 0, 0
1331, 63, 13, 36, 0, 0, 16.05%, 0, 0, 10, 308.38, 412041, 117, 0, 0
1336, 64, 18, 36, 0, 0, 16.05%, 0, 0, 10, 320.69, 413716, 117, 0, 0
1341, 64, 28, 36, 0, 0, 16.05%, 0, 0, 10, 302.74, 415275, 117, 0, 0
1346, 64, 8, 36, 0, 0, 16.05%, 0, 0, 10, 311.81, 416909, 117, 0, 0
1351, 64, 8, 36, 0, 0, 16.05%, 0, 0, 10, 310.23, 418457, 117, 0, 0
1356, 65, 29, 36, 0, 0, 16.05%, 0, 0, 10, 308.38, 419984, 117, 0, 0
1361, 65, 13, 36, 0, 0, 16.05%, 0, 0, 10, 305.77, 421528, 117, 0, 0
1366, 65, 7, 36, 0, 0, 16.05%, 0, 0, 10, 309.80, 423066, 117, 0, 0
1371, 65, 26, 36, 0, 0, 16.05%, 0, 0, 10, 307.56, 424621, 117, 0, 0
1376, 66, 30, 36, 0, 0, 16.05%, 0, 0, 10, 308.16, 426174, 117, 0, 0
1381, 66, 13, 36, 0, 0, 16.05%, 0, 0, 10, 308.14, 427708, 117, 0, 0
1387, 66, 13, 36, 0, 0, 16.05%, 0, 0, 10, 317.39, 429353, 117, 0, 0
1392, 67, 23, 36, 0, 0, 16.05%, 0, 0, 10, 322.66, 430980, 117, 0, 0
1397, 67, 34, 36, 0, 0, 16.05%, 0, 0, 10, 314.08, 432565, 117, 0, 0
1402, 67, 34, 36, 0, 0, 16.05%, 0, 0, 10, 310.81, 434141, 117, 0, 0
1407, 67, 11, 36, 0, 0, 16.05%, 0, 0, 10, 312.67, 435721, 117, 0, 0
1412, 68, 26, 36, 0, 0, 16.05%, 0, 0, 10, 315.74, 437312, 117, 0, 0
1417, 68, 21, 36, 0, 0, 16.05%, 0, 0, 10, 310.11, 438908, 117, 0, 0
1422, 68, 34, 36, 0, 0, 16.05%, 0, 0, 10, 309.45, 440466, 117, 0, 0
1427, 68, 8, 36, 0, 0, 16.05%, 0, 0, 10, 307.01, 442001, 117, 0, 0
1432, 69, 8, 36, 0, 0, 16.05%, 0, 0, 10, 317.29, 443653, 117, 0, 0
1437, 69, 13, 36, 0, 0, 16.05%, 0, 0, 10, 315.40, 445241, 117, 0, 0
1443, 70, 13, 36, 0, 0, 16.05%, 0, 0, 10, 321.37, 446900, 117, 0, 0
1448, 70, 13, 36, 0, 0, 16.05%, 0, 0, 10, 318.77, 448544, 117, 0, 0
1453, 70, 30, 36, 0, 0, 16.05%, 0, 0, 10, 313.76, 450175, 117, 0, 0
1458, 71, 35, 36, 0, 0, 16.05%, 0, 0, 10, 307.39, 451728, 117, 0, 0
1463, 71, 13, 36, 0, 0, 16.05%, 0, 0, 10, 306.04, 453283, 117, 0, 0
1468, 71, 32, 36, 0, 0, 16.05%, 0, 0, 10, 314.95, 454875, 117, 0, 0
1473, 71, 13, 36, 0, 0, 16.05%, 0, 0, 10, 315.68, 456459, 117, 0, 0
1478, 72, 13, 36, 0, 0, 16.05%, 0, 0, 10, 311.48, 458015, 117, 0, 0
1483, 72, 30, 36, 0, 0, 16.05%, 0, 0, 10, 314.86, 459588, 117, 0, 0
1488, 72, 22, 36, 0, 0, 16.05%, 0, 0, 10, 311.78, 461159, 117, 0, 0
1493, 72, 35, 36, 0, 0, 16.05%, 0, 0, 10, 314.40, 462740, 117, 0, 0
1498, 73, 8, 36, 0, 0, 16.05%, 0, 0, 10, 314.23, 464326, 117, 0, 0
1503, 73, 34, 36, 0, 0, 16.05%, 0, 0, 10, 317.00, 465909, 117, 0, 0
1508, 73, 8, 36, 0, 0, 16.05%, 0, 0, 10, 314.59, 467532, 117, 0, 0
1514, 73, 32, 36, 0, 0, 16.05%, 0, 0, 10, 318.13, 469192, 117, 0, 0
1519, 74, 8, 36, 0, 0, 16.05%, 0, 0, 10, 320.58, 470797, 117, 0, 0
1524, 74, 26, 36, 0, 0, 16.05%, 0, 0, 10, 318.85, 472408, 117, 0, 0
1529, 74, 35, 36, 0, 0, 16.05%, 0, 0, 10, 324.61, 474077, 117, 0, 0
1534, 74, 8, 36, 0, 0, 16.05%, 0, 0, 10, 330.59, 475751, 117, 0, 0
1539, 75, 32, 36, 0, 0, 16.05%, 0, 0, 10, 339.08, 477503, 117, 0, 0
1544, 75, 21, 36, 0, 0, 16.05%, 0, 0, 10, 311.23, 479046, 117, 0, 0
1549, 75, 22, 36, 0, 0, 16.05%, 0, 0, 10, 315.36, 480689, 117, 0, 0
1554, 75, 10, 36, 0, 0, 16.05%, 0, 0, 10, 317.32, 482280, 117, 0, 0
1559, 76, 27, 36, 0, 0, 16.05%, 0, 0, 10, 312.83, 483840, 117, 0, 0
1564, 76, 35, 36, 0, 0, 16.05%, 0, 0, 10, 319.44, 485439, 117, 0, 0
1569, 76, 16, 36, 0, 0, 16.05%, 0, 0, 10, 313.75, 487009, 117, 0, 0
1574, 76, 13, 36, 0, 0, 16.05%, 0, 0, 10, 317.79, 488615, 117, 0, 0
1580, 77, 13, 36, 0, 0, 16.05%, 0, 0, 10, 310.54, 490161, 117, 0, 0
1585, 77, 35, 36, 0, 0, 16.05%, 0, 0, 10, 302.88, 491678, 117, 0, 0
1590, 77, 8, 36, 0, 0, 16.05%, 0, 0, 10, 299.86, 493225, 117, 0, 0
1595, 77, 28, 36, 0, 0, 16.05%, 0, 0, 10, 315.30, 494825, 117, 0, 0
1600, 78, 28, 36, 0, 0, 16.05%, 0, 0, 10, 320.95, 496430, 117, 0, 0
1605, 78, 26, 36, 0, 0, 16.05%, 0, 0, 10, 312.71, 498064, 117, 0, 0
1610, 78, 10, 36, 0, 0, 16.05%, 0, 0, 10, 315.40, 499648, 117, 0, 0
1615, 78, 8, 36, 0, 0, 16.05%, 0, 0, 10, 306.71, 501244, 117, 0, 0
1620, 79, 35, 36, 0, 0, 16.05%, 0, 0, 10, 313.55, 502837, 117, 0, 0
1625, 79, 20, 36, 0, 0, 16.05%, 0, 0, 10, 314.96, 504419, 117, 0, 0
1630, 79, 18, 36, 0, 0, 16.05%, 0, 0, 10, 313.71, 506003, 117, 0, 0
1635, 80, 7, 36, 0, 0, 16.05%, 0, 0, 10, 307.86, 507559, 117, 0, 0
1640, 80, 35, 36, 0, 0, 16.05%, 0, 0, 10, 308.05, 509097, 117, 0, 0
1645, 81, 18, 36, 0, 0, 16.05%, 0, 0, 10, 312.48, 510664, 117, 0, 0
1650, 81, 13, 36, 0, 0, 16.05%, 0, 0, 10, 316.93, 512267, 117, 0, 0
1655, 81, 28, 36, 0, 0, 16.05%, 0, 0, 10, 316.10, 513853, 117, 0, 0
1661, 82, 7, 36, 0, 0, 16.05%, 0, 0, 10, 320.04, 515522, 117, 0, 0
1666, 82, 13, 36, 0, 0, 16.05%, 0, 0, 10, 320.60, 517136, 117, 0, 0
1671, 82, 29, 36, 0, 0, 16.05%, 0, 0, 10, 318.34, 518721, 117, 0, 0
1676, 82, 13, 36, 0, 0, 16.05%, 0, 0, 10, 328.84, 520366, 117, 0, 0
1681, 83, 8, 36, 0, 0, 16.05%, 0, 0, 10, 324.68, 522071, 117, 0, 0
1686, 83, 35, 36, 0, 0, 16.05%, 0, 0, 10, 314.71, 523700, 117, 0, 0
1691, 83, 13, 36, 0, 0, 16.05%, 0, 0, 10, 321.68, 525310, 117, 0, 0
1696, 84, 7, 36, 0, 0, 16.05%, 0, 0, 10, 318.50, 526972, 117, 0, 0
1701, 84, 13, 36, 0, 0, 16.05%, 0, 0, 10, 329.43, 528637, 117, 0, 0
1707, 84, 24, 36, 0, 0, 16.05%, 0, 0, 10, 319.72, 530308, 117, 0, 0
1712, 85, 29, 36, 0, 0, 16.05%, 0, 0, 10, 317.01, 531904, 117, 0, 0
1717, 85, 26, 36, 0, 0, 16.05%, 0, 0, 10, 311.31, 533465, 117, 0, 0
1722, 85, 35, 36, 0, 0, 16.05%, 0, 0, 10, 305.60, 535015, 117, 0, 0
1727, 86, 7, 36, 0, 0, 16.05%, 0, 0, 10, 301.06, 536559, 117, 0, 0
1732, 86, 13, 36, 0, 0, 16.05%, 0, 0, 10, 301.06, 538058, 117, 0, 0
1737, 86, 7, 36, 0, 0, 16.05%, 0, 0, 10, 305.30, 539616, 117, 0, 0
1742, 86, 13, 36, 0, 0, 16.05%, 0, 0, 10, 309.45, 541178, 117, 0, 0
1747, 87, 32, 36, 0, 0, 16.05%, 0, 0, 10, 316.16, 542827, 117, 0, 0
1752, 87, 13, 36, 0, 0, 16.05%, 0, 0, 10, 319.38, 544484, 117, 0, 0
1758, 87, 13, 36, 0, 0, 16.05%, 0, 0, 10, 321.37, 546146, 117, 0, 0
1763, 88, 35, 36, 0, 0, 16.05%, 0, 0, 10, 314.08, 547729, 117, 0, 0
1768, 88, 13, 36, 0, 0, 16.05%, 0, 0, 10, 306.79, 549295, 117, 0, 0
1773, 88, 10, 36, 0, 0, 16.05%, 0, 0, 10, 307.12, 550905, 117, 0, 0
1778, 88, 11, 36, 0, 0, 16.05%, 0, 0, 10, 316.78, 552501, 117, 0, 0
1783, 88, 21, 36, 0, 0, 16.05%, 0, 0, 10, 315.15, 554112, 117, 0, 0
1788, 89, 20, 36, 0, 0, 16.05%, 0, 0, 10, 311.04, 555733, 117, 0, 0
1793, 89, 8, 36, 0, 0, 16.05%, 0, 0, 10, 308.93, 557289, 117, 0, 0
1798, 89, 13, 36, 0, 0, 16.05%, 0, 0, 10, 304.76, 558834, 117, 0, 0
1803, 90, 13, 36, 0, 0, 16.05%, 0, 0, 10, 309.00, 560440, 117, 0, 0
1809, 90, 35, 36, 0, 0, 16.05%, 0, 0, 10, 306.25, 561986, 117, 0, 0
1814, 90, 34, 36, 0, 0, 16.05%, 0, 0, 10, 308.70, 563562, 117, 0, 0
1819, 90, 35, 36, 0, 0, 16.05%, 0, 0, 10, 307.48, 565117, 117, 0, 0
1824, 90, 34, 36, 0, 0, 16.05%, 0, 0, 10, 299.42, 566630, 117, 0, 0
1829, 91, 20, 36, 0, 0, 16.05%, 0, 0, 10, 311.82, 568263, 117, 0, 0
1834, 91, 34, 36, 0, 0, 16.05%, 0, 0, 10, 305.00, 569800, 117, 0, 0
1839, 91, 8, 36, 0, 0, 16.05%, 0, 0, 10, 310.80, 571365, 117, 0, 0
1844, 92, 8, 36, 0, 0, 16.05%, 0, 0, 10, 303.82, 572939, 117, 0, 0
1849, 92, 20, 36, 0, 0, 16.05%, 0, 0, 10, 305.85, 574478, 117, 0, 0
1854, 92, 23, 36, 0, 0, 16.05%, 0, 0, 10, 306.08, 576035, 117, 0, 0
1859, 92, 29, 36, 0, 0, 16.05%, 0, 0, 10, 310.43, 577603, 117, 0, 0
1864, 92, 13, 36, 0, 0, 16.05%, 0, 0, 10, 308.31, 579194, 117, 0, 0
1869, 93, 29, 36, 0, 0, 16.05%, 0, 0, 10, 304.91, 580738, 117, 0, 0
1875, 93, 13, 36, 0, 0, 16.05%, 0, 0, 10, 304.84, 582278, 117, 0, 0
1880, 93, 13, 36, 0, 0, 16.05%, 0, 0, 10, 304.90, 583806, 117, 0, 0
1885, 93, 13, 36, 0, 0, 16.05%, 0, 0, 10, 303.68, 585328, 117, 0, 0
1890, 94, 8, 36, 0, 0, 16.05%, 0, 0, 10, 299.21, 586875, 117, 0, 0
1895, 94, 8, 36, 0, 0, 16.05%, 0, 0, 10, 311.11, 588447, 117, 0, 0
1900, 94, 13, 36, 0, 0, 16.05%, 0, 0, 10, 315.38, 590099, 117, 0, 0
1905, 95, 21, 36, 0, 0, 16.05%, 0, 0, 10, 307.77, 591641, 117, 0, 0
1910, 95, 35, 36, 0, 0, 16.05%, 0, 0, 10, 305.16, 593213, 117, 0, 0
1915, 95, 13, 36, 0, 0, 16.05%, 0, 0, 10, 308.72, 594758, 117, 0, 0
1920, 95, 34, 36, 0, 0, 16.05%, 0, 0, 10, 300.59, 596261, 117, 0, 0
1925, 95, 7, 36, 0, 0, 16.05%, 0, 0, 10, 299.89, 597805, 117, 0, 0
1930, 96, 19, 36, 0, 0, 16.05%, 0, 0, 10, 309.69, 599368, 117, 0, 0
1936, 96, 34, 36, 0, 0, 16.05%, 0, 0, 10, 301.22, 600882, 117, 0, 0
1941, 96, 35, 36, 0, 0, 16.05%, 0, 0, 10, 305.98, 602464, 117, 0, 0
1946, 96, 33, 36, 0, 0, 16.05%, 0, 0, 10, 302.03, 604015, 117, 0, 0
1951, 96, 8, 36, 0, 0, 16.05%, 0, 0, 10, 297.95, 605484, 117, 0, 0
1956, 97, 13, 36, 0, 0, 16.05%, 0, 0, 10, 300.71, 607059, 117, 0, 0
1961, 97, 13, 36, 0, 0, 16.05%, 0, 0, 10, 302.03, 608584, 117, 0, 0
1966, 97, 7, 36, 0, 0, 16.05%, 0, 0, 10, 288.06, 610025, 117, 0, 0
1971, 97, 33, 36, 0, 0, 16.05%, 0, 0, 10, 283.42, 611455, 117, 0, 0
1976, 97, 34, 36, 0, 0, 16.05%, 0, 0, 10, 278.50, 612835, 117, 0, 0
1981, 98, 22, 36, 0, 0, 16.05%, 0, 0, 10, 281.29, 614290, 117, 0, 0
1987, 98, 32, 36, 0, 0, 16.05%, 0, 0, 10, 282.82, 615755, 117, 0, 0
1992, 98, 29, 36, 0, 0, 16.05%, 0, 0, 10, 285.70, 617255, 117, 0, 0
1997, 98, 15, 36, 0, 0, 16.05%, 0, 0, 10, 293.42, 618725, 117, 0, 0
2002, 99, 13, 36, 0, 0, 16.05%, 0, 0, 10, 304.81, 620280, 117, 0, 0
2007, 99, 13, 36, 0, 0, 16.05%, 0, 0, 10, 300.81, 621769, 117, 0, 0
2012, 99, 35, 36, 0, 0, 16.05%, 0, 0, 10, 305.86, 623321, 117, 0, 0
2017, 99, 26, 36, 0, 0, 16.05%, 0, 0, 10, 311.08, 624937, 117, 0, 0
2022, 99, 33, 36, 0, 0, 16.05%, 0, 0, 10, 291.40, 626405, 117, 0, 0
2027, 100, 8, 36, 0, 0, 16.05%, 0, 0, 10, 284.11, 627820, 117, 0, 0
2032, 100, 34, 36, 0, 0, 16.05%, 0, 0, 10, 295.48, 629320, 117, 0, 0
2037, 100, 21, 36, 0, 0, 16.05%, 0, 0, 10, 298.51, 630805, 117, 0, 0
2042, 101, 13, 36, 0, 0, 16.05%, 0, 0, 10, 300.04, 632356, 117, 0, 0
2047, 101, 28, 36, 0, 0, 16.05%, 0, 0, 10, 303.40, 633889, 117, 0, 0
2052, 101, 34, 36, 0, 0, 16.05%, 0, 0, 10, 310.71, 635458, 117, 0, 0
2058, 101, 13, 36, 0, 0, 16.05%, 0, 0, 10, 302.46, 636990, 117, 0, 0
2063, 102, 10, 36, 0, 0, 16.05%, 0, 0, 10, 307.36, 638546, 117, 0, 0
2068, 102, 13, 36, 0, 0, 16.05%, 0, 0, 10, 310.02, 640106, 117, 0, 0
2073, 102, 19, 36, 0, 0, 16.05%, 0, 0, 10, 308.97, 641655, 117, 0, 0
2078, 102, 29, 36, 0, 0, 16.05%, 0, 0, 10, 305.60, 643211, 117, 0, 0
2083, 103, 13, 36, 0, 0, 16.05%, 0, 0, 10, 303.27, 644747, 117, 0, 0
2088, 103, 8, 36, 0, 0, 16.05%, 0, 0, 10, 300.59, 646296, 117, 0, 0
2093, 104, 13, 36, 0, 0, 16.05%, 0, 0, 10, 293.69, 647810, 117, 0, 0
2098, 104, 34, 36, 0, 0, 16.05%, 0, 0, 10, 300.63, 649342, 117, 0, 0
2103, 104, 8, 36, 0, 0, 16.05%, 0, 0, 10, 309.08, 650945, 117, 0, 0
2108, 104, 13, 36, 0, 0, 16.05%, 0, 0, 10, 310.32, 652522, 117, 0, 0
2113, 105, 16, 36, 0, 0, 16.05%, 0, 0, 10, 316.06, 654089, 117, 0, 0
2118, 105, 10, 36, 0, 0, 16.05%, 0, 0, 10, 310.30, 655645, 117, 0, 0
2123, 105, 16, 36, 0, 0, 16.05%, 0, 0, 10, 311.63, 657221, 117, 0, 0
2128, 106, 28, 36, 0, 0, 16.05%, 0, 0, 10, 317.85, 658821, 117, 0, 0
2133, 106, 8, 36, 0, 0, 16.05%, 0, 0, 10, 310.47, 660372, 117, 0, 0
2139, 106, 13, 36, 0, 0, 16.05%, 0, 0, 10, 305.37, 661943, 117, 0, 0
2144, 106, 8, 36, 0, 0, 16.05%, 0, 0, 10, 299.56, 663459, 117, 0, 0
2149, 107, 13, 36, 0, 0, 16.05%, 0, 0, 10, 292.75, 664910, 117, 0, 0
2154, 107, 13, 36, 0, 0, 16.05%, 0, 0, 10, 295.73, 666415, 117, 0, 0
2159, 107, 28, 36, 0, 0, 16.05%, 0, 0, 10, 296.32, 667915, 117, 0, 0
2164, 107, 7, 36, 0, 0, 16.05%, 0, 0, 10, 302.54, 669459, 117, 0, 0
2169, 108, 35, 36, 0, 0, 16.05%, 0, 0, 10, 304.26, 671003, 117, 0, 0
2174, 108, 13, 36, 0, 0, 16.05%, 0, 0, 10, 302.54, 672578, 117, 0, 0
2179, 108, 35, 36, 0, 0, 16.05%, 0, 0, 10, 290.83, 674060, 117, 0, 0
2185, 108, 13, 36, 0, 0, 16.05%, 0, 0, 10, 301.18, 675593, 117, 0, 0
2190, 109, 35, 36, 0, 0, 16.05%, 0, 0, 10, 295.83, 677095, 117, 0, 0
2195, 109, 13, 36, 0, 0, 16.05%, 0, 0, 10, 295.34, 678610, 117, 0, 0
2200, 109, 13, 36, 0, 0, 16.05%, 0, 0, 10, 306.94, 680210, 117, 0, 0
2205, 110, 20, 36, 0, 0, 16.05%, 0, 0, 10, 308.16, 681793, 117, 0, 0
2210, 110, 13, 36, 0, 0, 16.05%, 0, 0, 10, 301.34, 683279, 117, 0, 0
2215, 110, 35, 36, 0, 0, 16.05%, 0, 0, 10, 297.51, 684790, 117, 0, 0
2220, 110, 35, 36, 0, 0, 16.05%, 0, 0, 10, 310.78, 686352, 117, 0, 0
2225, 110, 13, 36, 0, 0, 16.05%, 0, 0, 10, 311.02, 687971, 117, 0, 0
2230, 111, 31, 36, 0, 0, 16.05%, 0, 0, 10, 303.43, 689522, 117, 0, 0
2236, 111, 13, 36, 0, 0, 16.05%, 0, 0, 10, 305.47, 691078, 117, 0, 0
2241, 111, 14, 36, 0, 0, 16.05%, 0, 0, 10, 309.34, 692648, 117, 0, 0
2246, 112, 20, 36, 0, 0, 16.05%, 0, 0, 10, 311.07, 694266, 117, 0, 0
2251, 112, 35, 36, 0, 0, 16.05%, 0, 0, 10, 303.40, 695799, 117, 0, 0
2256, 112, 8, 36, 0, 0, 16.05%, 0, 0, 10, 302.86, 697301, 117, 0, 0
2261, 112, 14, 36, 0, 0, 16.05%, 0, 0, 10, 309.19, 698858, 117, 0, 0
2266, 113, 35, 36, 0, 0, 16.05%, 0, 0, 10, 304.96, 700407, 117, 0, 0
2271, 113, 35, 36, 0, 0, 16.05%, 0, 0, 10, 302.92, 701925, 117, 0, 0
2276, 113, 13, 36, 0, 0, 16.05%, 0, 0, 10, 303.66, 703460, 117, 0, 0
2281, 114, 22, 36, 0, 0, 16.05%, 0, 0, 10, 307.00, 704997, 117, 0, 0
2286, 114, 14, 36, 0, 0, 16.05%, 0, 0, 10, 304.39, 706522, 117, 0, 0
2291, 114, 29, 36, 0, 0, 16.05%, 0, 0, 10, 315.67, 708119, 117, 0, 0
2296, 114, 7, 36, 0, 0, 16.05%, 0, 0, 10, 306.49, 709653, 117, 0, 0
2301, 115, 13, 36, 0, 0, 16.05%, 0, 0, 10, 305.66, 711234, 117, 0, 0
2306, 115, 26, 36, 0, 0, 16.05%, 0, 0, 10, 300.98, 712774, 117, 0, 0
2311, 115, 5, 36, 0, 0, 16.05%, 0, 0, 10, 298.55, 714290, 117, 0, 0
2317, 116, 18, 36, 0, 0, 16.05%, 0, 0, 10, 305.91, 715857, 117, 0, 0
2322, 116, 35, 36, 0, 0, 16.05%, 0, 0, 10, 296.66, 717335, 117, 0, 0
2327, 116, 8, 36, 0, 0, 16.05%, 0, 0, 10, 283.94, 718740, 117, 0, 0
2332, 116, 24, 36, 0, 0, 16.05%, 0, 0, 10, 292.07, 720200, 117, 0, 0
2337, 116, 13, 36, 0, 0, 16.05%, 0, 0, 10, 294.60, 721695, 117, 0, 0
2342, 117, 35, 36, 0, 0, 16.05%, 0, 0, 10, 288.56, 723145, 117, 0, 0
2347, 117, 13, 36, 0, 0, 16.05%, 0, 0, 10, 281.01, 724555, 117, 0, 0
2352, 117, 26, 36, 0, 0, 16.05%, 0, 0, 10, 271.13, 725910, 117, 0, 0
2357, 117, 23, 36, 0, 0, 16.05%, 0, 0, 10, 285.25, 727365, 117, 0, 0
2362, 117, 13, 36, 0, 0, 16.05%, 0, 0, 10, 281.97, 728800, 117, 0, 0
2367, 118, 10, 36, 0, 0, 16.05%, 0, 0, 10, 289.06, 730260, 117, 0, 0
2372, 118, 24, 36, 0, 0, 16.05%, 0, 0, 10, 250.26, 731483, 117, 0, 0
2377, 118, 8, 36, 0, 0, 16.05%, 0, 0, 10, 265.92, 732825, 117, 0, 0
2382, 118, 13, 36, 0, 0, 16.05%, 0, 0, 10, 268.50, 734210, 117, 0, 0
2387, 118, 34, 36, 0, 0, 16.05%, 0, 0, 10, 258.97, 735505, 117, 0, 0
2392, 119, 24, 36, 0, 0, 16.05%, 0, 0, 10, 263.68, 736865, 117, 0, 0
2397, 119, 20, 36, 0, 0, 16.05%, 0, 0, 10, 258.49, 738135, 117, 0, 0
2400, 119, 7, 36, 0, 0, 16.05%, 0, 0, 10, 264.22, 738730, 117, 0, 0
