# relative_time, cycles_done, cur_item, corpus_count, pending_total, pending_favs, map_size, saved_crashes, saved_hangs, max_depth, execs_per_sec, total_execs, edges_found, total_crashes, servers_count
61, 0, 51, 118, 115, 21, 26.02%, 0, 0, 3, 496.35, 30198, 275, 0, 0
66, 0, 51, 122, 119, 21, 26.11%, 0, 0, 3, 487.45, 32646, 276, 0, 0
71, 0, 51, 126, 123, 21, 26.11%, 0, 0, 3, 477.99, 35104, 276, 0, 0
76, 0, 51, 130, 127, 21, 26.11%, 0, 0, 3, 478.17, 37526, 276, 0, 0
81, 0, 51, 136, 133, 21, 26.96%, 0, 0, 3, 489.31, 40052, 285, 0, 0
86, 0, 51, 138, 135, 21, 26.96%, 0, 0, 3, 490.38, 42550, 285, 0, 0
91, 0, 51, 139, 136, 21, 26.96%, 0, 0, 3, 494.38, 45014, 285, 0, 0
97, 0, 51, 140, 137, 21, 26.96%, 0, 0, 3, 489.36, 47559, 285, 0, 0
102, 0, 51, 141, 138, 21, 26.96%, 0, 0, 3, 507.53, 50154, 285, 0, 0
107, 0, 51, 142, 139, 21, 27.06%, 0, 0, 3, 498.43, 52703, 286, 0, 0
112, 0, 51, 146, 143, 21, 27.06%, 0, 0, 3, 510.58, 55309, 286, 0, 0
117, 0, 51, 147, 144, 21, 27.06%, 0, 0, 3, 502.82, 57886, 286, 0, 0
122, 0, 51, 148, 145, 21, 27.25%, 0, 0, 3, 514.16, 60483, 288, 0, 0
127, 0, 51, 148, 145, 21, 27.25%, 0, 0, 3, 501.89, 63043, 288, 0, 0
132, 0, 51, 151, 148, 21, 27.25%, 0, 0, 3, 499.10, 65564, 288, 0, 0
137, 0, 51, 152, 149, 21, 27.25%, 0, 0, 3, 498.35, 68082, 288, 0, 0
142, 0, 51, 153, 150, 21, 27.25%, 0, 0, 3, 498.35, 70618, 288, 0, 0
147, 0, 51, 155, 152, 21, 27.91%, 0, 0, 3, 502.83, 73142, 295, 0, 0
153, 0, 51, 157, 154, 21, 28.00%, 0, 0, 3, 495.23, 75704, 296, 0, 0
158, 0, 51, 158, 155, 21, 28.10%, 0, 0, 3, 495.49, 78231, 297, 0, 0
163, 0, 51, 159, 156, 21, 28.10%, 0, 0, 3, 499.48, 80767, 297, 0, 0
168, 0, 141, 165, 160, 27, 28.10%, 0, 0, 4, 501.24, 83334, 297, 0, 0
173, 0, 141, 184, 179, 27, 28.86%, 0, 0, 4, 499.05, 85873, 305, 0, 0
178, 0, 141, 193, 188, 27, 31.79%, 0, 0, 4, 497.05, 88348, 336, 0, 0
183, 0, 141, 201, 196, 27, 32.36%, 0, 0, 4, 494.60, 90906, 342, 0, 0
188, 0, 190, 204, 197, 32, 32.36%, 0, 0, 4, 496.28, 93538, 342, 0, 0
193, 0, 104, 210, 201, 30, 32.73%, 0, 0, 5, 500.00, 96037, 346, 0, 0
199, 0, 104, 213, 204, 30, 32.83%, 0, 0, 5, 502.96, 98610, 347, 0, 0
204, 0, 104, 217, 208, 30, 33.11%, 0, 0, 5, 508.48, 101208, 350, 0, 0
209, 0, 104, 222, 213, 30, 33.59%, 0, 0, 5, 495.11, 103690, 355, 0, 0
214, 0, 104, 226, 217, 30, 34.25%, 0, 0, 5, 505.84, 106291, 362, 0, 0
219, 0, 225, 237, 226, 40, 34.72%, 0, 0, 5, 503.83, 108810, 367, 0, 0
224, 0, 225, 250, 239, 40, 35.67%, 0, 0, 5, 502.94, 111371, 377, 0, 0
229, 0, 225, 254, 243, 40, 35.95%, 0, 0, 5, 504.04, 113949, 380, 0, 0
234, 0, 225, 258, 247, 40, 35.95%, 0, 0, 5, 504.38, 116517, 380, 0, 0
239, 0, 225, 261, 250, 40, 36.71%, 0, 0, 5, 505.78, 119098, 388, 0, 0
244, 0, 177, 265, 252, 48, 36.71%, 0, 0, 5, 505.79, 121722, 388, 0, 0
249, 0, 177, 269, 256, 48, 36.99%, 0, 0, 5, 497.05, 124202, 391, 0, 0
255, 0, 177, 271, 258, 48, 36.99%, 0, 0, 5, 497.47, 126736, 391, 0, 0
260, 0, 177, 271, 258, 48, 36.99%, 0, 0, 5, 494.29, 129211, 391, 0, 0
265, 0, 112, 271, 256, 47, 36.99%, 0, 0, 5, 493.96, 131729, 391, 0, 0
270, 0, 260, 286, 268, 44, 37.09%, 0, 0, 6, 452.98, 134057, 392, 0, 0
275, 0, 260, 298, 280, 44, 37.65%, 0, 0, 6, 483.22, 136508, 398, 0, 0
280, 0, 260, 304, 286, 44, 37.84%, 0, 0, 6, 490.14, 139079, 400, 0, 0
285, 0, 260, 308, 290, 44, 37.94%, 0, 0, 6, 483.79, 141600, 401, 0, 0
290, 0, 260, 310, 292, 44, 37.94%, 0, 0, 6, 480.72, 143999, 401, 0, 0
295, 0, 260, 313, 295, 44, 38.03%, 0, 0, 6, 467.23, 146362, 402, 0, 0
300, 0, 260, 319, 301, 44, 38.03%, 0, 0, 6, 480.02, 148763, 402, 0, 0
305, 0, 260, 320, 302, 44, 38.03%, 0, 0, 6, 488.28, 151209, 402, 0, 0
310, 0, 260, 322, 304, 44, 38.03%, 0, 0, 6, 476.65, 153582, 402, 0, 0
315, 0, 260, 325, 307, 44, 38.03%, 0, 0, 6, 488.59, 156042, 402, 0, 0
320, 0, 260, 328, 310, 44, 38.03%, 0, 0, 6, 478.55, 158457, 402, 0, 0
325, 0, 260, 330, 312, 44, 38.13%, 0, 0, 6, 475.30, 160865, 403, 0, 0
330, 0, 260, 331, 313, 44, 38.13%, 0, 0, 6, 479.74, 163266, 403, 0, 0
335, 0, 260, 332, 314, 44, 38.13%, 0, 0, 6, 472.97, 165676, 403, 0, 0
341, 0, 260, 332, 314, 44, 38.13%, 0, 0, 6, 485.63, 168124, 403, 0, 0
346, 0, 260, 333, 315, 44, 38.13%, 0, 0, 6, 479.87, 170607, 403, 0, 0
351, 0, 260, 334, 316, 44, 38.13%, 0, 0, 6, 472.41, 172990, 403, 0, 0
356, 0, 260, 334, 316, 44, 38.13%, 0, 0, 6, 487.35, 175456, 403, 0, 0
361, 0, 260, 334, 316, 44, 38.13%, 0, 0, 6, 491.97, 177931, 403, 0, 0
366, 0, 260, 336, 318, 44, 38.22%, 0, 0, 6, 484.83, 180359, 404, 0, 0
371, 0, 260, 338, 320, 44, 38.22%, 0, 0, 6, 483.52, 182812, 404, 0, 0
376, 0, 260, 340, 322, 44, 38.22%, 0, 0, 6, 481.36, 185229, 404, 0, 0
381, 0, 301, 344, 322, 48, 38.22%, 0, 0, 7, 451.21, 187471, 404, 0, 0
386, 0, 301, 348, 326, 48, 38.22%, 0, 0, 7, 457.58, 189829, 404, 0, 0
391, 0, 301, 348, 326, 48, 38.22%, 0, 0, 7, 440.58, 192044, 404, 0, 0
396, 0, 301, 350, 328, 48, 38.22%, 0, 0, 7, 458.36, 194399, 404, 0, 0
401, 0, 301, 352, 330, 48, 38.22%, 0, 0, 7, 452.86, 196637, 404, 0, 0
406, 0, 301, 355, 333, 48, 38.22%, 0, 0, 7, 453.55, 198917, 404, 0, 0
411, 0, 301, 358, 336, 48, 38.22%, 0, 0, 7, 447.22, 201156, 404, 0, 0
416, 0, 301, 361, 339, 48, 38.22%, 0, 0, 7, 445.60, 203362, 404, 0, 0
422, 0, 301, 363, 341, 48, 38.22%, 0, 0, 7, 443.30, 205578, 404, 0, 0
427, 0, 301, 365, 343, 48, 38.32%, 0, 0, 7, 453.05, 207892, 405, 0, 0
432, 0, 301, 368, 346, 48, 38.32%, 0, 0, 7, 446.81, 210244, 405, 0, 0
437, 0, 301, 370, 348, 48, 38.32%, 0, 0, 7, 431.70, 212423, 405, 0, 0
442, 0, 301, 371, 349, 48, 38.41%, 0, 0, 7, 442.26, 214630, 406, 0, 0
447, 0, 301, 371, 349, 48, 38.41%, 0, 0, 7, 453.85, 216946, 406, 0, 0
452, 0, 301, 371, 349, 48, 38.41%, 0, 0, 7, 439.03, 219159, 406, 0, 0
457, 0, 301, 372, 350, 48, 38.41%, 0, 0, 7, 437.76, 221375, 406, 0, 0
462, 0, 301, 373, 351, 48, 38.41%, 0, 0, 7, 460.56, 223678, 406, 0, 0
467, 0, 301, 374, 352, 48, 38.41%, 0, 0, 7, 459.03, 225954, 406, 0, 0
472, 0, 301, 375, 353, 48, 38.41%, 0, 0, 7, 468.73, 228328, 406, 0, 0
478, 0, 301, 375, 353, 48, 38.41%, 0, 0, 7, 466.34, 230758, 406, 0, 0
483, 0, 301, 377, 355, 48, 38.41%, 0, 0, 7, 479.87, 233193, 406, 0, 0
488, 0, 301, 380, 358, 48, 38.41%, 0, 0, 7, 476.20, 235572, 406, 0, 0
493, 0, 137, 382, 358, 46, 39.07%, 0, 0, 7, 485.19, 238265, 413, 0, 0
498, 0, 304, 388, 362, 44, 39.26%, 0, 0, 7, 531.23, 240966, 415, 0, 0
503, 0, 304, 389, 363, 44, 39.26%, 0, 0, 7, 534.25, 243753, 415, 0, 0
509, 0, 304, 391, 365, 44, 39.26%, 0, 0, 7, 499.96, 246341, 415, 0, 0
514, 0, 304, 393, 367, 44, 39.26%, 0, 0, 7, 530.08, 249082, 415, 0, 0
519, 0, 241, 394, 365, 40, 39.26%, 0, 0, 7, 532.35, 251831, 415, 0, 0
524, 0, 135, 395, 364, 38, 39.26%, 0, 0, 7, 517.55, 254431, 415, 0, 0
529, 0, 384, 398, 362, 33, 39.26%, 0, 0, 8, 520.59, 257059, 415, 0, 0
534, 0, 384, 404, 368, 33, 39.26%, 0, 0, 8, 526.75, 259801, 415, 0, 0
539, 0, 384, 407, 371, 33, 39.26%, 0, 0, 8, 526.61, 262542, 415, 0, 0
545, 0, 384, 408, 372, 33, 39.26%, 0, 0, 8, 526.44, 265269, 415, 0, 0
550, 0, 384, 408, 372, 33, 39.26%, 0, 0, 8, 528.60, 267999, 415, 0, 0
555, 0, 179, 408, 370, 31, 39.26%, 0, 0, 8, 518.18, 270765, 415, 0, 0
560, 0, 334, 408, 365, 28, 39.26%, 0, 0, 8, 514.38, 273424, 415, 0, 0
565, 0, 387, 422, 378, 27, 39.36%, 0, 0, 8, 501.28, 275933, 416, 0, 0
570, 0, 387, 432, 388, 27, 39.74%, 0, 0, 8, 505.28, 278442, 420, 0, 0
575, 0, 387, 437, 393, 27, 39.83%, 0, 0, 8, 506.38, 281028, 421, 0, 0
580, 0, 387, 441, 397, 27, 39.83%, 0, 0, 8, 511.95, 283657, 421, 0, 0
586, 0, 387, 442, 398, 27, 39.83%, 0, 0, 8, 508.35, 286324, 421, 0, 0
591, 0, 387, 447, 403, 27, 39.83%, 0, 0, 8, 517.47, 288899, 421, 0, 0
596, 0, 387, 450, 406, 27, 39.83%, 0, 0, 8, 511.87, 291470, 421, 0, 0
601, 0, 387, 451, 407, 27, 41.15%, 0, 0, 8, 515.01, 294057, 435, 0, 0
606, 0, 387, 454, 410, 27, 41.15%, 0, 0, 8, 520.57, 296688, 435, 0, 0
611, 0, 387, 457, 413, 27, 42.19%, 0, 0, 8, 514.85, 299279, 446, 0, 0
616, 0, 387, 458, 414, 27, 42.19%, 0, 0, 8, 510.36, 301887, 446, 0, 0
621, 0, 387, 461, 417, 27, 42.38%, 0, 0, 8, 510.71, 304548, 448, 0, 0
626, 0, 387, 462, 418, 27, 42.38%, 0, 0, 8, 510.24, 307125, 448, 0, 0
631, 0, 387, 465, 421, 27, 42.38%, 0, 0, 8, 522.38, 309836, 448, 0, 0
637, 0, 387, 466, 422, 27, 42.38%, 0, 0, 8, 516.78, 312533, 448, 0, 0
642, 0, 460, 468, 418, 28, 42.38%, 0, 0, 9, 509.09, 315096, 448, 0, 0
647, 0, 450, 471, 414, 21, 42.38%, 0, 0, 9, 525.62, 317881, 448, 0, 0
652, 0, 298, 473, 413, 19, 42.48%, 0, 0, 9, 512.12, 320420, 449, 0, 0
657, 0, 270, 474, 410, 16, 42.48%, 0, 0, 9, 521.25, 323085, 449, 0, 0
662, 0, 473, 475, 404, 10, 42.48%, 0, 0, 9, 481.80, 325424, 449, 0, 0
667, 0, 432, 477, 403, 8, 42.57%, 0, 0, 9, 384.08, 327317, 450, 0, 0
672, 0, 370, 480, 403, 7, 42.67%, 0, 0, 10, 497.78, 329971, 451, 0, 0
677, 0, 429, 482, 401, 4, 42.67%, 0, 0, 11, 412.70, 332161, 451, 0, 0
682, 0, 475, 485, 402, 3, 42.67%, 0, 0, 11, 428.58, 334450, 451, 0, 0
687, 0, 19, 485, 399, 2, 42.67%, 0, 0, 11, 460.25, 336848, 451, 0, 0
692, 0, 483, 487, 396, 1, 42.67%, 0, 0, 11, 451.53, 339183, 451, 0, 0
698, 0, 184, 487, 393, 0, 42.67%, 0, 0, 11, 491.15, 341773, 451, 0, 0
703, 0, 160, 487, 390, 0, 42.67%, 0, 0, 11, 497.63, 344321, 451, 0, 0
708, 0, 385, 488, 386, 0, 42.67%, 0, 0, 11, 515.60, 346937, 451, 0, 0
713, 0, 405, 490, 386, 0, 42.67%, 0, 0, 11, 495.42, 349379, 451, 0, 0
718, 0, 218, 493, 384, 0, 42.67%, 0, 0, 11, 513.28, 352024, 451, 0, 0
723, 0, 460, 495, 384, 0, 42.67%, 0, 0, 11, 449.98, 354249, 451, 0, 0
728, 0, 134, 496, 382, 0, 42.67%, 0, 0, 11, 485.28, 356843, 451, 0, 0
734, 0, 435, 497, 379, 0, 42.67%, 0, 0, 11, 473.24, 359460, 451, 0, 0
739, 0, 399, 499, 378, 0, 42.67%, 0, 0, 11, 518.00, 362144, 451, 0, 0
744, 0, 261, 499, 375, 0, 42.67%, 0, 0, 11, 486.74, 364672, 451, 0, 0
749, 0, 9, 499, 375, 0, 42.67%, 0, 0, 11, 484.38, 367199, 451, 0, 0
754, 0, 215, 500, 372, 0, 42.67%, 0, 0, 11, 503.83, 369785, 451, 0, 0
759, 0, 181, 500, 370, 0, 42.67%, 0, 0, 11, 506.12, 372404, 451, 0, 0
764, 0, 481, 500, 367, 0, 42.67%, 0, 0, 11, 465.13, 374844, 451, 0, 0
769, 0, 475, 501, 366, 0, 42.67%, 0, 0, 11, 76.92, 376891, 451, 0, 0
774, 0, 72, 501, 363, 0, 42.67%, 0, 0, 11, 417.02, 379423, 451, 0, 0
780, 0, 449, 504, 363, 0, 42.67%, 0, 0, 11, 491.96, 382001, 451, 0, 0
785, 0, 495, 506, 363, 0, 42.67%, 0, 0, 11, 477.46, 384490, 451, 0, 0
790, 0, 495, 508, 365, 0, 42.67%, 0, 0, 11, 460.79, 386790, 451, 0, 0
795, 0, 495, 508, 365, 0, 42.67%, 0, 0, 11, 464.20, 389220, 451, 0, 0
800, 0, 463, 508, 363, 0, 42.67%, 0, 0, 11, 470.19, 391539, 451, 0, 0
805, 0, 475, 509, 362, 0, 42.67%, 0, 0, 11, 459.66, 393952, 451, 0, 0
810, 0, 455, 512, 362, 0, 42.67%, 0, 0, 11, 493.02, 396536, 451, 0, 0
815, 0, 336, 513, 360, 0, 42.67%, 0, 0, 11, 505.30, 399144, 451, 0, 0
820, 0, 483, 513, 355, 0, 42.67%, 0, 0, 11, 482.74, 401659, 451, 0, 0
825, 0, 425, 514, 354, 0, 42.67%, 0, 0, 11, 507.13, 404200, 451, 0, 0
830, 0, 505, 514, 351, 0, 42.67%, 0, 0, 11, 512.48, 406814, 451, 0, 0
836, 0, 171, 515, 348, 0, 42.67%, 0, 0, 11, 526.58, 409521, 451, 0, 0
841, 0, 140, 515, 345, 0, 42.67%, 0, 0, 11, 514.12, 412148, 451, 0, 0
846, 0, 466, 516, 343, 0, 42.67%, 0, 0, 11, 519.84, 414834, 451, 0, 0
851, 0, 503, 518, 343, 0, 42.67%, 0, 0, 11, 533.65, 417540, 451, 0, 0
856, 0, 367, 518, 340, 0, 42.67%, 0, 0, 11, 503.43, 420075, 451, 0, 0
861, 0, 390, 518, 337, 0, 42.67%, 0, 0, 11, 512.54, 422605, 451, 0, 0
866, 0, 455, 520, 337, 0, 42.67%, 0, 0, 11, 513.45, 425191, 451, 0, 0
872, 0, 223, 521, 336, 0, 42.67%, 0, 0, 11, 502.24, 427760, 451, 0, 0
877, 0, 76, 523, 333, 0, 42.67%, 0, 0, 11, 502.29, 430357, 451, 0, 0
882, 0, 352, 525, 331, 0, 42.67%, 0, 0, 11, 437.22, 432575, 451, 0, 0
887, 0, 63, 525, 327, 0, 42.67%, 0, 0, 11, 482.06, 435151, 451, 0, 0
892, 0, 525, 529, 330, 1, 43.14%, 0, 0, 11, 470.18, 437504, 456, 0, 0
897, 0, 167, 530, 328, 1, 43.14%, 0, 0, 11, 490.95, 440144, 456, 0, 0
902, 0, 354, 532, 327, 0, 43.14%, 0, 0, 11, 516.62, 442793, 456, 0, 0
907, 0, 431, 532, 322, 0, 43.14%, 0, 0, 11, 487.75, 445132, 456, 0, 0
913, 0, 120, 532, 318, 0, 43.14%, 0, 0, 11, 502.56, 447853, 456, 0, 0
918, 0, 168, 533, 316, 0, 43.14%, 0, 0, 11, 497.02, 450618, 456, 0, 0
923, 0, 437, 533, 312, 0, 43.14%, 0, 0, 11, 486.71, 453132, 456, 0, 0
929, 0, 395, 533, 311, 0, 43.14%, 0, 0, 11, 496.21, 455692, 456, 0, 0
934, 0, 478, 535, 310, 0, 43.14%, 0, 0, 11, 504.41, 458322, 456, 0, 0
939, 0, 442, 537, 311, 0, 43.14%, 0, 0, 11, 506.13, 460880, 456, 0, 0
944, 0, 398, 537, 309, 0, 43.14%, 0, 0, 11, 525.42, 463534, 456, 0, 0
950, 0, 45, 538, 307, 0, 43.14%, 0, 0, 12, 499.83, 466417, 456, 0, 0
955, 0, 172, 538, 303, 0, 43.14%, 0, 0, 12, 504.49, 468974, 456, 0, 0
960, 0, 500, 538, 301, 0, 43.14%, 0, 0, 12, 488.15, 471510, 456, 0, 0
965, 0, 455, 538, 298, 0, 43.14%, 0, 0, 12, 470.71, 473744, 456, 0, 0
970, 0, 340, 538, 294, 0, 43.14%, 0, 0, 12, 500.14, 476287, 456, 0, 0
975, 0, 527, 540, 291, 0, 43.24%, 0, 0, 12, 513.72, 478873, 457, 0, 0
980, 0, 414, 541, 291, 0, 43.24%, 0, 0, 12, 508.93, 481484, 457, 0, 0
985, 0, 388, 541, 290, 0, 43.24%, 0, 0, 12, 494.34, 483907, 457, 0, 0
990, 0, 364, 541, 287, 0, 43.24%, 0, 0, 12, 481.51, 486291, 457, 0, 0
996, 0, 179, 542, 284, 0, 43.24%, 0, 0, 12, 483.93, 488760, 457, 0, 0
1001, 0, 205, 542, 281, 0, 43.24%, 0, 0, 12, 489.37, 491272, 457, 0, 0
1006, 0, 465, 542, 280, 0, 43.24%, 0, 0, 12, 370.66, 492737, 457, 0, 0
1011, 0, 263, 543, 279, 0, 43.24%, 0, 0, 12, 441.87, 494914, 457, 0, 0
1016, 0, 540, 545, 281, 0, 43.33%, 0, 0, 13, 480.45, 497472, 458, 0, 0
1021, 1, 270, 554, 286, 0, 43.33%, 0, 0, 14, 477.41, 499915, 458, 0, 0
1026, 1, 270, 559, 291, 0, 43.33%, 0, 0, 14, 487.32, 502398, 458, 0, 0
1031, 1, 270, 563, 295, 0, 43.33%, 0, 0, 14, 487.60, 504874, 458, 0, 0
1036, 1, 270, 564, 296, 0, 43.33%, 0, 0, 14, 476.49, 507366, 458, 0, 0
1041, 1, 163, 567, 298, 0, 43.33%, 0, 0, 14, 496.71, 509981, 458, 0, 0
1047, 1, 187, 568, 295, 0, 43.33%, 0, 0, 14, 504.88, 512631, 458, 0, 0
1052, 1, 487, 571, 296, 0, 43.33%, 0, 0, 14, 508.14, 515249, 458, 0, 0
1057, 1, 487, 574, 299, 0, 43.42%, 0, 0, 14, 508.92, 517841, 459, 0, 0
1062, 1, 487, 576, 301, 0, 43.42%, 0, 0, 14, 514.27, 520435, 459, 0, 0
1067, 1, 487, 578, 303, 0, 43.42%, 0, 0, 14, 522.06, 523050, 459, 0, 0
1072, 1, 527, 582, 303, 0, 43.42%, 0, 0, 14, 286.23, 524649, 459, 0, 0
1077, 1, 527, 585, 306, 0, 43.42%, 0, 0, 14, 454.15, 527207, 459, 0, 0
1082, 1, 527, 587, 308, 0, 43.42%, 0, 0, 14, 482.64, 529714, 459, 0, 0
1087, 1, 374, 588, 308, 0, 43.42%, 0, 0, 14, 487.01, 532220, 459, 0, 0
1093, 1, 111, 590, 304, 0, 43.42%, 0, 0, 14, 510.18, 534963, 459, 0, 0
1098, 1, 532, 591, 302, 0, 43.42%, 0, 0, 14, 478.02, 537422, 459, 0, 0
1100, 1, 499, 593, 303, 0, 43.42%, 0, 0, 14, 491.29, 538577, 459, 0, 0
1164, 2, 49, 600, 281, 0, 43.42%, 0, 0, 14, 256.41, 554887, 459, 0, 0
1169, 2, 300, 601, 280, 0, 43.42%, 0, 0, 14, 263.00, 556281, 459, 0, 0
1174, 2, 113, 602, 277, 0, 43.42%, 0, 0, 14, 273.80, 557676, 459, 0, 0
1179, 2, 486, 602, 276, 0, 43.42%, 0, 0, 14, 270.40, 559087, 459, 0, 0
1184, 2, 247, 602, 273, 0, 43.42%, 0, 0, 14, 271.82, 560479, 459, 0, 0
1189, 2, 574, 602, 270, 0, 43.42%, 0, 0, 14, 251.96, 561779, 459, 0, 0
1194, 2, 3, 602, 269, 0, 43.42%, 0, 0, 14, 236.79, 562870, 459, 0, 0
1199, 2, 502, 602, 268, 0, 43.42%, 0, 0, 14, 260.58, 564270, 459, 0, 0
1205, 2, 462, 603, 266, 0, 43.42%, 0, 0, 14, 267.57, 565688, 459, 0, 0
1210, 2, 178, 603, 265, 0, 43.42%, 0, 0, 14, 266.41, 567052, 459, 0, 0
1215, 2, 534, 603, 262, 0, 43.42%, 0, 0, 14, 269.74, 568411, 459, 0, 0
1220, 2, 452, 603, 259, 0, 43.42%, 0, 0, 14, 271.58, 569785, 459, 0, 0
1225, 2, 603, 604, 259, 1, 43.42%, 0, 0, 14, 268.63, 571142, 459, 0, 0
1230, 2, 518, 604, 257, 0, 43.42%, 0, 0, 14, 269.23, 572545, 459, 0, 0
1235, 2, 266, 604, 255, 0, 43.42%, 0, 0, 14, 271.02, 573924, 459, 0, 0
1240, 2, 577, 604, 253, 0, 43.42%, 0, 0, 14, 272.01, 575345, 459, 0, 0
1246, 2, 580, 604, 252, 0, 43.42%, 0, 0, 14, 276.01, 576870, 459, 0, 0
1251, 2, 406, 604, 251, 0, 43.42%, 0, 0, 14, 261.64, 578176, 459, 0, 0
1256, 2, 555, 607, 253, 0, 43.42%, 0, 0, 14, 263.98, 579500, 459, 0, 0
1261, 2, 555, 607, 253, 0, 43.42%, 0, 0, 14, 258.67, 580785, 459, 0, 0
1267, 2, 604, 607, 252, 1, 43.42%, 0, 0, 14, 262.01, 582432, 459, 0, 0
1272, 2, 107, 607, 251, 0, 43.42%, 0, 0, 14, 278.07, 583853, 459, 0, 0
1279, 2, 151, 607, 247, 0, 43.42%, 0, 0, 14, 267.61, 585542, 459, 0, 0
1285, 2, 565, 607, 243, 0, 43.42%, 0, 0, 14, 279.64, 587257, 459, 0, 0
1290, 2, 564, 607, 242, 0, 43.42%, 0, 0, 14, 269.74, 588636, 459, 0, 0
1295, 2, 606, 607, 241, 0, 43.42%, 0, 0, 14, 267.08, 590007, 459, 0, 0
1301, 2, 494, 607, 239, 0, 43.42%, 0, 0, 14, 264.38, 591411, 459, 0, 0
1307, 2, 607, 608, 239, 1, 43.42%, 0, 0, 14, 177.86, 592292, 459, 0, 0
1312, 2, 543, 609, 238, 0, 43.42%, 0, 0, 14, 223.81, 593381, 459, 0, 0
1317, 2, 543, 610, 239, 0, 43.42%, 0, 0, 14, 243.28, 594652, 459, 0, 0
1323, 2, 608, 610, 238, 2, 43.42%, 0, 0, 14, 253.01, 595957, 459, 0, 0
1328, 2, 489, 610, 237, 1, 43.42%, 0, 0, 14, 254.15, 597302, 459, 0, 0
1333, 2, 274, 610, 235, 0, 43.42%, 0, 0, 14, 262.39, 598681, 459, 0, 0
1338, 2, 609, 610, 233, 0, 43.42%, 0, 0, 14, 265.09, 600045, 459, 0, 0
1343, 2, 145, 610, 231, 0, 43.42%, 0, 0, 14, 260.95, 601355, 459, 0, 0
1348, 2, 536, 610, 230, 0, 43.42%, 0, 0, 14, 266.72, 602716, 459, 0, 0
1353, 2, 488, 610, 228, 0, 43.42%, 0, 0, 14, 250.13, 603948, 459, 0, 0
1359, 2, 44, 610, 226, 0, 43.42%, 0, 0, 14, 258.15, 605311, 459, 0, 0
1364, 2, 560, 610, 224, 0, 43.42%, 0, 0, 14, 259.38, 606694, 459, 0, 0
1369, 2, 265, 610, 223, 0, 43.42%, 0, 0, 14, 247.38, 607972, 459, 0, 0
1374, 2, 191, 610, 221, 0, 43.42%, 0, 0, 14, 270.66, 609473, 459, 0, 0
1379, 2, 93, 610, 218, 0, 43.42%, 0, 0, 14, 278.77, 610935, 459, 0, 0
1384, 2, 572, 610, 218, 0, 43.42%, 0, 0, 14, 278.72, 612376, 459, 0, 0
1391, 2, 562, 610, 216, 0, 43.42%, 0, 0, 14, 274.30, 614135, 459, 0, 0
1397, 2, 520, 610, 214, 0, 43.42%, 0, 0, 14, 275.08, 615874, 459, 0, 0
1402, 2, 277, 610, 212, 0, 43.42%, 0, 0, 14, 269.81, 617233, 459, 0, 0
1408, 2, 142, 610, 210, 0, 43.42%, 0, 0, 14, 263.91, 618737, 459, 0, 0
1413, 2, 284, 610, 208, 0, 43.42%, 0, 0, 14, 234.69, 619847, 459, 0, 0
1418, 2, 601, 611, 207, 0, 43.42%, 0, 0, 14, 259.87, 621177, 459, 0, 0
1423, 2, 531, 611, 207, 0, 43.42%, 0, 0, 14, 266.34, 622547, 459, 0, 0
1428, 2, 471, 612, 205, 0, 43.42%, 0, 0, 14, 255.51, 623852, 459, 0, 0
1434, 2, 59, 612, 204, 0, 43.42%, 0, 0, 14, 257.38, 625419, 459, 0, 0
1439, 2, 559, 612, 203, 0, 43.42%, 0, 0, 14, 257.82, 626717, 459, 0, 0
1444, 2, 416, 612, 200, 0, 43.42%, 0, 0, 14, 227.44, 627798, 459, 0, 0
1449, 2, 470, 614, 201, 0, 43.42%, 0, 0, 14, 269.48, 629182, 459, 0, 0
1454, 2, 523, 614, 200, 0, 43.42%, 0, 0, 14, 186.41, 630014, 459, 0, 0
1460, 2, 228, 614, 198, 0, 43.42%, 0, 0, 14, 261.51, 631421, 459, 0, 0
1465, 2, 253, 614, 196, 0, 43.42%, 0, 0, 14, 245.06, 632613, 459, 0, 0
1470, 2, 476, 614, 194, 0, 43.42%, 0, 0, 14, 201.78, 633683, 459, 0, 0
1475, 2, 43, 614, 190, 0, 43.42%, 0, 0, 14, 244.50, 635044, 459, 0, 0
1480, 2, 164, 614, 189, 0, 43.42%, 0, 0, 14, 259.05, 636449, 459, 0, 0
1485, 2, 545, 615, 189, 0, 43.52%, 0, 0, 15, 269.39, 637826, 460, 0, 0
1490, 2, 569, 615, 188, 0, 43.52%, 0, 0, 15, 277.57, 639268, 460, 0, 0
1495, 2, 590, 615, 187, 0, 43.52%, 0, 0, 15, 280.93, 640684, 460, 0, 0
1500, 2, 584, 616, 187, 0, 43.52%, 0, 0, 15, 284.38, 642128, 460, 0, 0
1505, 2, 130, 616, 185, 0, 43.52%, 0, 0, 15, 283.07, 643596, 460, 0, 0
1510, 2, 415, 616, 182, 0, 43.52%, 0, 0, 15, 282.58, 645072, 460, 0, 0
1516, 2, 421, 616, 181, 0, 43.52%, 0, 0, 15, 284.03, 646514, 460, 0, 0
1521, 2, 444, 616, 180, 0, 43.52%, 0, 0, 15, 243.11, 647725, 460, 0, 0
1526, 2, 5, 616, 178, 0, 43.52%, 0, 0, 15, 276.73, 649259, 460, 0, 0
1531, 2, 489, 616, 176, 0, 43.52%, 0, 0, 15, 269.33, 650615, 460, 0, 0
1536, 2, 542, 618, 178, 0, 43.52%, 0, 0, 15, 261.66, 651931, 460, 0, 0
1541, 2, 446, 618, 175, 0, 43.52%, 0, 0, 15, 266.96, 653327, 460, 0, 0
1547, 2, 571, 619, 176, 0, 43.52%, 0, 0, 15, 277.20, 654770, 460, 0, 0
1552, 2, 447, 619, 174, 0, 43.52%, 0, 0, 15, 280.80, 656209, 460, 0, 0
1557, 2, 338, 619, 172, 0, 43.52%, 0, 0, 15, 278.97, 657657, 460, 0, 0
1562, 2, 426, 619, 169, 0, 43.52%, 0, 0, 15, 243.76, 658894, 460, 0, 0
1567, 2, 507, 619, 166, 0, 43.52%, 0, 0, 15, 241.95, 660107, 460, 0, 0
1572, 2, 570, 619, 165, 0, 43.52%, 0, 0, 15, 243.84, 661447, 460, 0, 0
1578, 2, 572, 619, 163, 0, 43.52%, 0, 0, 15, 273.39, 662860, 460, 0, 0
1583, 2, 204, 619, 162, 0, 43.52%, 0, 0, 15, 276.49, 664322, 460, 0, 0
1588, 2, 529, 620, 162, 0, 43.52%, 0, 0, 15, 263.88, 665641, 460, 0, 0
1594, 2, 110, 620, 160, 0, 43.52%, 0, 0, 15, 250.27, 667069, 460, 0, 0
1599, 2, 57, 620, 158, 0, 43.52%, 0, 0, 15, 256.61, 668393, 460, 0, 0
1604, 2, 220, 620, 155, 0, 43.52%, 0, 0, 15, 257.44, 669721, 460, 0, 0
1609, 2, 416, 620, 152, 0, 43.52%, 0, 0, 15, 262.40, 671038, 460, 0, 0
1615, 2, 15, 620, 152, 0, 43.52%, 0, 0, 15, 264.95, 672714, 460, 0, 0
1620, 2, 614, 623, 154, 0, 43.71%, 0, 0, 16, 263.80, 674010, 462, 0, 0
1625, 2, 614, 623, 154, 0, 43.71%, 0, 0, 16, 267.39, 675410, 462, 0, 0
1630, 2, 614, 623, 154, 0, 43.71%, 0, 0, 16, 269.51, 676760, 462, 0, 0
1635, 2, 620, 623, 154, 2, 43.71%, 0, 0, 16, 270.67, 678143, 462, 0, 0
1642, 2, 551, 624, 153, 0, 43.71%, 0, 0, 17, 275.02, 679941, 462, 0, 0
1647, 2, 601, 624, 151, 0, 43.71%, 0, 0, 17, 263.12, 681258, 462, 0, 0
1652, 2, 542, 624, 149, 0, 43.71%, 0, 0, 17, 274.72, 682705, 462, 0, 0
1657, 2, 400, 624, 148, 0, 43.71%, 0, 0, 17, 262.60, 684056, 462, 0, 0
1662, 2, 543, 624, 147, 0, 43.71%, 0, 0, 17, 265.27, 685336, 462, 0, 0
1667, 2, 444, 624, 147, 0, 43.71%, 0, 0, 17, 262.37, 686672, 462, 0, 0
1673, 2, 153, 624, 147, 0, 43.71%, 0, 0, 17, 264.23, 688144, 462, 0, 0
1678, 2, 547, 624, 145, 0, 43.71%, 0, 0, 17, 270.69, 689620, 462, 0, 0
1683, 2, 561, 624, 144, 0, 43.71%, 0, 0, 17, 283.57, 691098, 462, 0, 0
1688, 2, 558, 624, 142, 0, 43.71%, 0, 0, 17, 193.09, 692127, 462, 0, 0
1693, 2, 194, 624, 141, 0, 43.71%, 0, 0, 17, 143.57, 692673, 462, 0, 0
1698, 2, 126, 624, 140, 0, 43.71%, 0, 0, 17, 212.71, 694083, 462, 0, 0
1704, 2, 609, 628, 143, 0, 43.71%, 0, 0, 17, 245.94, 695373, 462, 0, 0
1709, 2, 609, 632, 147, 0, 43.71%, 0, 0, 17, 250.50, 696605, 462, 0, 0
1714, 2, 609, 632, 147, 0, 43.71%, 0, 0, 17, 246.71, 697857, 462, 0, 0
1719, 2, 609, 632, 147, 0, 43.71%, 0, 0, 17, 262.38, 699215, 462, 0, 0
1724, 2, 609, 633, 148, 0, 43.71%, 0, 0, 17, 264.91, 700532, 462, 0, 0
1729, 2, 624, 635, 150, 2, 43.90%, 0, 0, 17, 253.71, 701763, 464, 0, 0
1734, 2, 634, 635, 149, 1, 43.90%, 0, 0, 17, 210.29, 702807, 464, 0, 0
1739, 2, 634, 635, 149, 1, 43.90%, 0, 0, 17, 198.51, 703752, 464, 0, 0
1744, 2, 634, 637, 151, 1, 43.90%, 0, 0, 17, 178.99, 704636, 464, 0, 0
1750, 2, 636, 637, 150, 1, 43.90%, 0, 0, 17, 198.29, 705938, 464, 0, 0
1756, 2, 615, 640, 152, 0, 43.90%, 0, 0, 17, 243.49, 707245, 464, 0, 0
1761, 2, 615, 642, 154, 0, 43.90%, 0, 0, 17, 239.32, 708476, 464, 0, 0
1766, 2, 615, 642, 154, 0, 43.90%, 0, 0, 17, 258.31, 709778, 464, 0, 0
1771, 2, 615, 642, 154, 0, 43.90%, 0, 0, 17, 247.98, 711032, 464, 0, 0
1776, 2, 615, 644, 156, 0, 43.90%, 0, 0, 17, 239.71, 712235, 464, 0, 0
1781, 2, 615, 645, 157, 0, 43.90%, 0, 0, 17, 256.41, 713545, 464, 0, 0
1787, 2, 155, 645, 155, 0, 43.90%, 0, 0, 17, 255.88, 715007, 464, 0, 0
1792, 2, 507, 648, 157, 0, 43.90%, 0, 0, 17, 240.42, 716249, 464, 0, 0
1797, 2, 507, 649, 158, 0, 43.90%, 0, 0, 17, 237.09, 717412, 464, 0, 0
1802, 2, 507, 651, 160, 0, 43.90%, 0, 0, 17, 243.35, 718662, 464, 0, 0
1807, 2, 507, 652, 161, 0, 43.90%, 0, 0, 17, 246.13, 719941, 464, 0, 0
1812, 2, 507, 652, 161, 0, 43.90%, 0, 0, 17, 245.28, 721177, 464, 0, 0
1817, 2, 507, 653, 162, 0, 43.90%, 0, 0, 17, 242.51, 722364, 464, 0, 0
1822, 2, 507, 653, 162, 0, 43.90%, 0, 0, 17, 232.67, 723517, 464, 0, 0
1827, 2, 507, 653, 162, 0, 43.90%, 0, 0, 17, 238.67, 724757, 464, 0, 0
1832, 2, 507, 653, 162, 0, 43.90%, 0, 0, 17, 239.13, 725949, 464, 0, 0
1838, 2, 548, 653, 162, 0, 43.90%, 0, 0, 17, 254.56, 727309, 464, 0, 0
1843, 2, 37, 653, 161, 0, 43.90%, 0, 0, 17, 194.49, 728347, 464, 0, 0
1848, 2, 55, 653, 160, 0, 43.90%, 0, 0, 17, 219.77, 729561, 464, 0, 0
1853, 2, 644, 654, 160, 0, 43.90%, 0, 0, 17, 257.46, 731002, 464, 0, 0
1858, 2, 644, 656, 162, 0, 43.90%, 0, 0, 17, 276.82, 732496, 464, 0, 0
1863, 2, 644, 657, 163, 0, 43.90%, 0, 0, 17, 263.61, 733813, 464, 0, 0
1869, 2, 644, 658, 164, 0, 43.90%, 0, 0, 17, 269.32, 735235, 464, 0, 0
1874, 2, 644, 659, 165, 0, 43.90%, 0, 0, 17, 268.06, 736597, 464, 0, 0
1879, 2, 644, 659, 165, 0, 43.90%, 0, 0, 17, 254.79, 737857, 464, 0, 0
1884, 2, 629, 659, 163, 0, 43.90%, 0, 0, 17, 42.75, 738864, 464, 0, 0
1889, 2, 629, 659, 163, 0, 43.90%, 0, 0, 17, 39.64, 739064, 464, 0, 0
1894, 2, 629, 659, 163, 0, 43.90%, 0, 0, 17, 39.01, 739264, 464, 0, 0
1899, 2, 629, 659, 163, 0, 43.90%, 0, 0, 17, 39.09, 739465, 464, 0, 0
1904, 2, 629, 659, 163, 0, 43.90%, 0, 0, 17, 39.71, 739673, 464, 0, 0
1910, 2, 629, 659, 163, 0, 43.90%, 0, 0, 17, 38.85, 739869, 464, 0, 0
1915, 2, 629, 659, 163, 0, 43.90%, 0, 0, 17, 39.98, 740075, 464, 0, 0
1920, 2, 629, 659, 163, 0, 43.90%, 0, 0, 17, 40.14, 740277, 464, 0, 0
1925, 2, 629, 659, 163, 0, 43.90%, 0, 0, 17, 41.21, 740491, 464, 0, 0
1930, 2, 629, 659, 163, 0, 43.90%, 0, 0, 17, 40.89, 740703, 464, 0, 0
1935, 2, 629, 659, 163, 0, 43.90%, 0, 0, 17, 41.01, 740912, 464, 0, 0
1940, 2, 656, 659, 162, 0, 43.90%, 0, 0, 17, 257.26, 742176, 464, 0, 0
1946, 2, 656, 662, 165, 0, 43.90%, 0, 0, 17, 272.65, 743651, 464, 0, 0
1951, 2, 656, 662, 165, 0, 43.90%, 0, 0, 17, 275.88, 745046, 464, 0, 0
1956, 2, 656, 662, 165, 0, 43.90%, 0, 0, 17, 264.65, 746366, 464, 0, 0
1961, 2, 656, 663, 166, 0, 43.90%, 0, 0, 17, 277.05, 747818, 464, 0, 0
1966, 2, 656, 663, 166, 0, 43.90%, 0, 0, 17, 268.84, 749198, 464, 0, 0
1971, 2, 656, 664, 167, 0, 43.90%, 0, 0, 17, 269.19, 750565, 464, 0, 0
1976, 2, 656, 664, 167, 0, 43.90%, 0, 0, 17, 275.34, 751960, 464, 0, 0
1981, 2, 660, 664, 166, 0, 43.90%, 0, 0, 17, 276.07, 753385, 464, 0, 0
1986, 2, 660, 666, 168, 0, 43.90%, 0, 0, 17, 271.26, 754791, 464, 0, 0
1991, 2, 660, 670, 172, 0, 43.90%, 0, 0, 17, 256.35, 756104, 464, 0, 0
1997, 2, 660, 671, 173, 0, 43.90%, 0, 0, 17, 242.66, 757314, 464, 0, 0
2002, 2, 660, 672, 174, 0, 43.90%, 0, 0, 17, 256.25, 758604, 464, 0, 0
2007, 2, 660, 673, 175, 0, 43.90%, 0, 0, 17, 249.66, 759861, 464, 0, 0
2012, 2, 660, 674, 176, 0, 43.90%, 0, 0, 17, 235.17, 761031, 464, 0, 0
2017, 2, 660, 676, 178, 0, 43.90%, 0, 0, 17, 231.75, 762201, 464, 0, 0
2022, 2, 660, 677, 179, 0, 43.90%, 0, 0, 17, 228.54, 763360, 464, 0, 0
2027, 2, 670, 678, 179, 1, 43.90%, 0, 0, 17, 234.42, 764595, 464, 0, 0
2032, 2, 670, 678, 179, 1, 43.90%, 0, 0, 17, 252.29, 766031, 464, 0, 0
2037, 2, 670, 678, 179, 1, 43.90%, 0, 0, 17, 280.27, 767514, 464, 0, 0
2043, 2, 670, 678, 179, 1, 43.90%, 0, 0, 17, 277.56, 768904, 464, 0, 0
2048, 2, 670, 678, 179, 1, 43.90%, 0, 0, 17, 273.28, 770304, 464, 0, 0
2053, 2, 664, 679, 179, 0, 43.90%, 0, 0, 17, 215.01, 771407, 464, 0, 0
2059, 2, 664, 679, 179, 0, 43.90%, 0, 0, 17, 186.15, 772451, 464, 0, 0
2064, 2, 664, 680, 180, 0, 43.90%, 0, 0, 17, 181.70, 773379, 464, 0, 0
2069, 2, 664, 680, 180, 0, 43.90%, 0, 0, 17, 183.39, 774327, 464, 0, 0
2074, 2, 614, 681, 180, 0, 43.90%, 0, 0, 17, 223.49, 775453, 464, 0, 0
2079, 2, 484, 681, 179, 0, 43.90%, 0, 0, 17, 218.12, 776566, 464, 0, 0
2084, 2, 572, 682, 178, 0, 43.90%, 0, 0, 17, 231.94, 777768, 464, 0, 0
2090, 2, 572, 684, 180, 0, 43.90%, 0, 0, 17, 256.66, 779124, 464, 0, 0
2095, 2, 572, 685, 181, 0, 43.90%, 0, 0, 17, 260.13, 780436, 464, 0, 0
2100, 2, 572, 685, 181, 0, 43.90%, 0, 0, 17, 264.92, 781776, 464, 0, 0
2105, 2, 572, 686, 182, 0, 43.90%, 0, 0, 17, 269.62, 783128, 464, 0, 0
2110, 2, 572, 687, 183, 0, 43.90%, 0, 0, 17, 259.68, 784430, 464, 0, 0
2116, 2, 686, 688, 184, 1, 43.90%, 0, 0, 17, 264.59, 786074, 464, 0, 0
2121, 2, 621, 689, 184, 0, 43.90%, 0, 0, 17, 275.67, 787476, 464, 0, 0
2126, 2, 636, 692, 187, 0, 43.90%, 0, 0, 17, 237.48, 788712, 464, 0, 0
2131, 2, 636, 694, 189, 0, 43.90%, 0, 0, 17, 195.03, 789629, 464, 0, 0
2136, 2, 636, 694, 189, 0, 43.90%, 0, 0, 17, 196.24, 790625, 464, 0, 0
2141, 2, 636, 695, 190, 0, 43.90%, 0, 0, 17, 186.79, 791550, 464, 0, 0
2146, 2, 636, 697, 192, 0, 43.90%, 0, 0, 17, 162.69, 792368, 464, 0, 0
2151, 2, 636, 698, 193, 0, 43.90%, 0, 0, 17, 169.74, 793197, 464, 0, 0
2156, 2, 636, 699, 194, 0, 43.90%, 0, 0, 17, 183.49, 794137, 464, 0, 0
2162, 2, 636, 700, 195, 0, 43.90%, 0, 0, 17, 191.14, 795113, 464, 0, 0
2167, 2, 690, 700, 195, 2, 43.90%, 0, 0, 17, 244.29, 796360, 464, 0, 0
2173, 2, 698, 700, 194, 1, 43.90%, 0, 0, 17, 263.58, 798253, 464, 0, 0
2179, 2, 158, 701, 194, 0, 43.90%, 0, 0, 17, 271.23, 799743, 464, 0, 0
2184, 2, 675, 701, 192, 0, 43.90%, 0, 0, 17, 265.23, 801094, 464, 0, 0
2189, 2, 675, 702, 193, 0, 43.90%, 0, 0, 17, 260.59, 802456, 464, 0, 0
2194, 2, 675, 704, 195, 0, 43.90%, 0, 0, 17, 258.47, 803755, 464, 0, 0
2199, 2, 675, 704, 195, 0, 43.90%, 0, 0, 17, 258.32, 805050, 464, 0, 0
2204, 2, 675, 704, 195, 0, 43.90%, 0, 0, 17, 259.84, 806400, 464, 0, 0
2209, 2, 447, 705, 194, 0, 43.90%, 0, 0, 17, 262.95, 807719, 464, 0, 0
2215, 2, 181, 705, 194, 0, 43.90%, 0, 0, 17, 272.38, 809307, 464, 0, 0
2221, 2, 650, 705, 194, 0, 43.90%, 0, 0, 17, 269.59, 810900, 464, 0, 0
2226, 2, 650, 707, 196, 0, 43.90%, 0, 0, 17, 224.51, 811983, 464, 0, 0
2231, 2, 650, 709, 198, 0, 43.90%, 0, 0, 17, 220.26, 813105, 464, 0, 0
2236, 2, 650, 710, 199, 0, 43.90%, 0, 0, 17, 226.89, 814264, 464, 0, 0
2241, 2, 650, 711, 200, 0, 43.90%, 0, 0, 17, 219.86, 815379, 464, 0, 0
2246, 2, 650, 711, 200, 0, 43.90%, 0, 0, 17, 232.56, 816567, 464, 0, 0
2251, 2, 650, 711, 200, 0, 43.90%, 0, 0, 17, 224.23, 817711, 464, 0, 0
2258, 2, 709, 711, 199, 1, 43.90%, 0, 0, 17, 226.10, 819199, 464, 0, 0
2263, 2, 709, 711, 199, 1, 43.90%, 0, 0, 17, 228.50, 820340, 464, 0, 0
2268, 2, 693, 712, 199, 0, 43.90%, 0, 0, 17, 124.14, 820924, 464, 0, 0
2273, 2, 693, 712, 199, 0, 43.90%, 0, 0, 17, 82.38, 821288, 464, 0, 0
2278, 2, 693, 712, 199, 0, 43.90%, 0, 0, 17, 72.68, 821653, 464, 0, 0
2283, 2, 693, 712, 199, 0, 43.90%, 0, 0, 17, 73.63, 822030, 464, 0, 0
2289, 2, 131, 712, 196, 0, 43.90%, 0, 0, 17, 193.52, 823388, 464, 0, 0
2294, 2, 180, 712, 195, 0, 43.90%, 0, 0, 17, 213.03, 824838, 464, 0, 0
2300, 2, 677, 712, 195, 0, 43.90%, 0, 0, 17, 250.18, 826198, 464, 0, 0
2305, 2, 677, 713, 196, 0, 43.90%, 0, 0, 17, 263.58, 827572, 464, 0, 0
2310, 2, 670, 713, 194, 0, 43.90%, 0, 0, 17, 260.44, 828936, 464, 0, 0
2315, 2, 585, 714, 195, 0, 43.90%, 0, 0, 17, 263.04, 830274, 464, 0, 0
2320, 2, 585, 715, 196, 0, 43.90%, 0, 0, 17, 270.38, 831661, 464, 0, 0
2325, 2, 713, 715, 195, 1, 43.90%, 0, 0, 17, 279.00, 833104, 464, 0, 0
2330, 2, 712, 715, 194, 0, 43.90%, 0, 0, 17, 267.23, 834458, 464, 0, 0
2335, 2, 712, 716, 195, 0, 43.90%, 0, 0, 18, 259.45, 835828, 464, 0, 0
2340, 2, 712, 717, 196, 0, 43.90%, 0, 0, 18, 237.36, 837023, 464, 0, 0
2345, 2, 712, 718, 197, 0, 43.90%, 0, 0, 18, 234.43, 838194, 464, 0, 0
2351, 2, 712, 718, 197, 0, 43.90%, 0, 0, 18, 220.98, 839339, 464, 0, 0
2356, 2, 149, 718, 196, 0, 43.90%, 0, 0, 18, 233.62, 840548, 464, 0, 0
2362, 2, 710, 718, 195, 0, 43.90%, 0, 0, 18, 217.54, 841861, 464, 0, 0
2367, 2, 710, 721, 198, 0, 43.90%, 0, 0, 18, 188.63, 842783, 464, 0, 0
2372, 2, 710, 721, 198, 0, 43.90%, 0, 0, 18, 184.59, 843698, 464, 0, 0
2377, 2, 710, 721, 198, 0, 43.90%, 0, 0, 18, 186.52, 844664, 464, 0, 0
2382, 2, 720, 721, 197, 1, 43.90%, 0, 0, 18, 189.23, 845627, 464, 0, 0
2387, 2, 720, 721, 197, 1, 43.90%, 0, 0, 18, 209.52, 846735, 464, 0, 0
2392, 2, 720, 725, 201, 1, 43.90%, 0, 0, 18, 218.15, 847848, 464, 0, 0
2397, 2, 720, 728, 204, 1, 43.90%, 0, 0, 18, 203.83, 848869, 464, 0, 0
2402, 2, 720, 729, 205, 1, 43.90%, 0, 0, 18, 204.83, 849889, 464, 0, 0
2407, 2, 720, 730, 206, 1, 43.90%, 0, 0, 18, 207.46, 850928, 464, 0, 0
2413, 2, 720, 731, 207, 1, 43.90%, 0, 0, 18, 210.46, 852019, 464, 0, 0
2418, 2, 720, 732, 208, 1, 43.90%, 0, 0, 18, 214.64, 853110, 464, 0, 0
2423, 2, 720, 732, 208, 1, 43.90%, 0, 0, 18, 218.65, 854210, 464, 0, 0
2428, 2, 720, 732, 208, 1, 43.90%, 0, 0, 18, 221.46, 855319, 464, 0, 0
2433, 2, 720, 734, 210, 1, 43.90%, 0, 0, 18, 217.15, 856373, 464, 0, 0
2438, 2, 720, 734, 210, 1, 43.90%, 0, 0, 18, 217.46, 857465, 464, 0, 0
2443, 2, 720, 735, 211, 1, 43.90%, 0, 0, 18, 217.61, 858564, 464, 0, 0
2448, 2, 720, 736, 212, 1, 43.90%, 0, 0, 18, 213.41, 859619, 464, 0, 0
2453, 2, 736, 737, 212, 1, 43.99%, 0, 0, 18, 214.60, 860702, 465, 0, 0
2458, 2, 736, 737, 212, 1, 43.99%, 0, 0, 18, 214.65, 861814, 465, 0, 0
2463, 2, 736, 737, 212, 1, 43.99%, 0, 0, 18, 219.06, 862975, 465, 0, 0
2468, 2, 736, 737, 212, 1, 43.99%, 0, 0, 18, 219.88, 864083, 465, 0, 0
2473, 2, 736, 737, 212, 1, 43.99%, 0, 0, 18, 221.91, 865199, 465, 0, 0
2478, 2, 200, 738, 211, 0, 43.99%, 0, 0, 18, 237.12, 866382, 465, 0, 0
2484, 2, 633, 738, 211, 0, 43.99%, 0, 0, 18, 42.70, 866662, 465, 0, 0
2490, 2, 633, 738, 211, 0, 43.99%, 0, 0, 18, 43.41, 866927, 465, 0, 0
2495, 2, 723, 738, 210, 0, 43.99%, 0, 0, 18, 236.00, 867611, 465, 0, 0
2501, 2, 723, 738, 210, 0, 43.99%, 0, 0, 18, 214.14, 868875, 465, 0, 0
2506, 2, 701, 738, 209, 0, 43.99%, 0, 0, 18, 230.41, 870015, 465, 0, 0
2511, 2, 701, 738, 209, 0, 43.99%, 0, 0, 18, 241.19, 871323, 465, 0, 0
2517, 2, 681, 738, 208, 0, 43.99%, 0, 0, 18, 247.15, 872846, 465, 0, 0
2522, 2, 684, 738, 207, 0, 43.99%, 0, 0, 18, 256.17, 874209, 465, 0, 0
2527, 2, 638, 739, 207, 0, 43.99%, 0, 0, 18, 263.71, 875666, 465, 0, 0
2532, 2, 734, 739, 206, 0, 43.99%, 0, 0, 18, 227.51, 876812, 465, 0, 0
2537, 2, 734, 739, 206, 0, 43.99%, 0, 0, 18, 207.25, 877832, 465, 0, 0
2542, 2, 734, 744, 211, 0, 43.99%, 0, 0, 18, 199.09, 878878, 465, 0, 0
2548, 2, 734, 744, 211, 0, 43.99%, 0, 0, 18, 202.69, 879934, 465, 0, 0
2553, 2, 734, 744, 211, 0, 43.99%, 0, 0, 18, 204.30, 880970, 465, 0, 0
2558, 2, 734, 744, 211, 0, 43.99%, 0, 0, 18, 203.95, 881986, 465, 0, 0
2563, 2, 734, 745, 212, 0, 43.99%, 0, 0, 18, 203.24, 883017, 465, 0, 0
2568, 2, 734, 745, 212, 0, 43.99%, 0, 0, 18, 195.55, 884021, 465, 0, 0
2573, 2, 734, 746, 213, 0, 43.99%, 0, 0, 18, 201.00, 885036, 465, 0, 0
2578, 2, 734, 747, 214, 0, 43.99%, 0, 0, 18, 200.92, 886059, 465, 0, 0
2583, 2, 734, 747, 214, 0, 43.99%, 0, 0, 18, 203.35, 887075, 465, 0, 0
2588, 2, 734, 748, 215, 0, 43.99%, 0, 0, 18, 201.90, 888082, 465, 0, 0
2593, 2, 674, 748, 214, 0, 43.99%, 0, 0, 18, 183.51, 888998, 465, 0, 0
2598, 2, 674, 749, 215, 0, 43.99%, 0, 0, 18, 178.27, 889914, 465, 0, 0
2603, 2, 674, 749, 215, 0, 43.99%, 0, 0, 18, 185.47, 890883, 465, 0, 0
2608, 2, 660, 750, 215, 0, 43.99%, 0, 0, 18, 228.72, 892078, 465, 0, 0
2613, 2, 170, 750, 215, 0, 43.99%, 0, 0, 18, 244.19, 893354, 465, 0, 0
2619, 2, 719, 750, 215, 0, 43.99%, 0, 0, 18, 121.07, 893834, 465, 0, 0
2624, 2, 719, 750, 215, 0, 43.99%, 0, 0, 18, 90.73, 894251, 465, 0, 0
2629, 2, 719, 750, 215, 0, 43.99%, 0, 0, 18, 80.96, 894665, 465, 0, 0
2634, 2, 719, 750, 215, 0, 43.99%, 0, 0, 18, 74.86, 895036, 465, 0, 0
2639, 2, 349, 751, 213, 0, 43.99%, 0, 0, 18, 193.19, 896049, 465, 0, 0
2644, 2, 706, 752, 213, 0, 43.99%, 0, 0, 18, 234.93, 897421, 465, 0, 0
2650, 2, 557, 752, 212, 0, 43.99%, 0, 0, 18, 258.04, 898857, 465, 0, 0
2655, 2, 738, 752, 211, 0, 43.99%, 0, 0, 18, 242.57, 900083, 465, 0, 0
2660, 2, 738, 752, 211, 0, 43.99%, 0, 0, 18, 236.45, 901279, 465, 0, 0
2665, 2, 738, 754, 213, 0, 43.99%, 0, 0, 18, 219.20, 902389, 465, 0, 0
2670, 2, 738, 756, 215, 0, 43.99%, 0, 0, 18, 219.77, 903523, 465, 0, 0
2675, 2, 738, 756, 215, 0, 43.99%, 0, 0, 18, 220.62, 904627, 465, 0, 0
2680, 2, 738, 756, 215, 0, 43.99%, 0, 0, 18, 227.17, 905811, 465, 0, 0
2685, 2, 738, 756, 215, 0, 43.99%, 0, 0, 18, 230.07, 906975, 465, 0, 0
2690, 2, 738, 756, 215, 0, 43.99%, 0, 0, 18, 224.80, 908107, 465, 0, 0
2695, 2, 635, 756, 214, 0, 43.99%, 0, 0, 18, 200.63, 909145, 465, 0, 0
2700, 2, 635, 756, 214, 0, 43.99%, 0, 0, 18, 171.65, 909939, 465, 0, 0
2706, 2, 467, 756, 212, 0, 43.99%, 0, 0, 18, 205.31, 911198, 465, 0, 0
2713, 2, 662, 756, 211, 0, 43.99%, 0, 0, 18, 255.89, 913103, 465, 0, 0
2718, 2, 686, 757, 211, 0, 43.99%, 0, 0, 18, 255.07, 914390, 465, 0, 0
2723, 2, 686, 757, 209, 0, 43.99%, 0, 0, 18, 276.70, 915803, 465, 0, 0
2728, 2, 726, 757, 209, 0, 43.99%, 0, 0, 18, 220.36, 916917, 465, 0, 0
2734, 2, 726, 757, 209, 0, 43.99%, 0, 0, 18, 207.68, 917991, 465, 0, 0
2739, 2, 717, 757, 208, 0, 43.99%, 0, 0, 18, 228.37, 919123, 465, 0, 0
2744, 2, 717, 757, 208, 0, 43.99%, 0, 0, 18, 248.42, 920570, 465, 0, 0
2749, 2, 696, 758, 208, 0, 43.99%, 0, 0, 19, 238.06, 921785, 465, 0, 0
2754, 2, 696, 758, 208, 0, 43.99%, 0, 0, 19, 38.18, 921985, 465, 0, 0
2759, 2, 696, 758, 208, 0, 43.99%, 0, 0, 19, 37.78, 922178, 465, 0, 0
2765, 2, 696, 758, 208, 0, 43.99%, 0, 0, 19, 36.96, 922369, 465, 0, 0
2770, 2, 696, 758, 208, 0, 43.99%, 0, 0, 19, 37.40, 922559, 465, 0, 0
2775, 2, 696, 758, 208, 0, 43.99%, 0, 0, 19, 37.20, 922748, 465, 0, 0
2780, 2, 696, 758, 208, 0, 43.99%, 0, 0, 19, 36.76, 922937, 465, 0, 0
2785, 2, 696, 758, 208, 0, 43.99%, 0, 0, 19, 37.40, 923129, 465, 0, 0
2790, 2, 696, 758, 208, 0, 43.99%, 0, 0, 19, 37.32, 923322, 465, 0, 0
2795, 2, 696, 759, 209, 0, 43.99%, 0, 0, 19, 37.19, 923513, 465, 0, 0
2800, 2, 202, 759, 208, 0, 43.99%, 0, 0, 19, 42.31, 923725, 465, 0, 0
2806, 2, 11, 759, 207, 0, 43.99%, 0, 0, 19, 288.10, 925176, 465, 0, 0
2811, 2, 673, 759, 207, 0, 43.99%, 0, 0, 19, 258.73, 926451, 465, 0, 0
2816, 2, 673, 760, 208, 0, 43.99%, 0, 0, 19, 255.75, 927776, 465, 0, 0
2821, 2, 743, 760, 206, 0, 43.99%, 0, 0, 19, 259.57, 929096, 465, 0, 0
2826, 2, 743, 760, 206, 0, 43.99%, 0, 0, 19, 204.21, 930045, 465, 0, 0
2832, 2, 743, 760, 206, 0, 43.99%, 0, 0, 19, 197.10, 931368, 465, 0, 0
2838, 2, 743, 762, 208, 0, 43.99%, 0, 0, 19, 194.67, 932369, 465, 0, 0
2843, 2, 743, 762, 208, 0, 43.99%, 0, 0, 19, 195.15, 933383, 465, 0, 0
2849, 2, 554, 762, 206, 0, 43.99%, 0, 0, 19, 237.58, 934974, 465, 0, 0
2854, 2, 199, 762, 204, 0, 43.99%, 0, 0, 19, 263.46, 936427, 465, 0, 0
2860, 2, 642, 762, 204, 0, 43.99%, 0, 0, 19, 272.27, 938107, 465, 0, 0
2865, 2, 642, 764, 206, 0, 43.99%, 0, 0, 19, 251.29, 939356, 465, 0, 0
2870, 2, 578, 764, 205, 0, 43.99%, 0, 0, 19, 38.36, 940022, 465, 0, 0
2875, 2, 578, 764, 205, 0, 43.99%, 0, 0, 19, 42.63, 940240, 465, 0, 0
2880, 2, 614, 764, 204, 0, 43.99%, 0, 0, 19, 282.65, 940674, 465, 0, 0
2886, 2, 464, 764, 204, 0, 43.99%, 0, 0, 19, 178.57, 941465, 465, 0, 0
2891, 2, 464, 766, 206, 0, 43.99%, 0, 0, 19, 238.99, 942749, 465, 0, 0
2896, 2, 464, 766, 206, 0, 43.99%, 0, 0, 19, 257.74, 944113, 465, 0, 0
2901, 2, 536, 767, 207, 0, 43.99%, 0, 0, 19, 262.07, 945430, 465, 0, 0
2906, 2, 729, 767, 205, 0, 43.99%, 0, 0, 19, 256.29, 946733, 465, 0, 0
2913, 2, 729, 767, 205, 0, 43.99%, 0, 0, 19, 216.02, 948151, 465, 0, 0
2918, 2, 727, 767, 204, 0, 43.99%, 0, 0, 19, 179.74, 949057, 465, 0, 0
2923, 2, 727, 767, 204, 0, 43.99%, 0, 0, 19, 155.75, 949807, 465, 0, 0
2928, 2, 727, 767, 204, 0, 43.99%, 0, 0, 19, 150.24, 950551, 465, 0, 0
2933, 2, 727, 767, 204, 0, 43.99%, 0, 0, 19, 152.96, 951326, 465, 0, 0
2938, 2, 711, 767, 203, 0, 43.99%, 0, 0, 19, 197.63, 952392, 465, 0, 0
2943, 2, 464, 767, 202, 0, 43.99%, 0, 0, 19, 220.88, 953561, 465, 0, 0
2948, 2, 665, 767, 202, 0, 43.99%, 0, 0, 19, 246.30, 954884, 465, 0, 0
2954, 2, 665, 767, 202, 0, 43.99%, 0, 0, 19, 253.08, 956320, 465, 0, 0
2959, 2, 24, 767, 200, 0, 43.99%, 0, 0, 19, 265.83, 957725, 465, 0, 0
2964, 2, 636, 767, 199, 0, 43.99%, 0, 0, 19, 233.32, 958938, 465, 0, 0
2969, 2, 637, 767, 199, 0, 43.99%, 0, 0, 19, 255.71, 960323, 465, 0, 0
2976, 2, 663, 767, 198, 0, 43.99%, 0, 0, 19, 255.02, 962100, 465, 0, 0
2981, 2, 517, 767, 197, 0, 43.99%, 0, 0, 19, 273.14, 963525, 465, 0, 0
2987, 2, 636, 767, 195, 0, 43.99%, 0, 0, 19, 247.55, 964822, 465, 0, 0
2992, 2, 759, 767, 194, 0, 43.99%, 0, 0, 19, 249.46, 966137, 465, 0, 0
2997, 2, 759, 767, 194, 0, 43.99%, 0, 0, 19, 253.29, 967433, 465, 0, 0
3002, 2, 759, 769, 196, 0, 43.99%, 0, 0, 19, 251.24, 968753, 465, 0, 0
3007, 2, 759, 769, 196, 0, 43.99%, 0, 0, 19, 252.85, 970023, 465, 0, 0
3012, 2, 747, 769, 194, 0, 43.99%, 0, 0, 19, 255.46, 971343, 465, 0, 0
3017, 2, 747, 769, 194, 0, 43.99%, 0, 0, 19, 205.45, 972344, 465, 0, 0
3024, 2, 747, 769, 194, 0, 43.99%, 0, 0, 19, 195.80, 973577, 465, 0, 0
3029, 2, 687, 769, 193, 0, 43.99%, 0, 0, 19, 235.29, 974769, 465, 0, 0
3034, 2, 687, 769, 193, 0, 43.99%, 0, 0, 19, 255.94, 976188, 465, 0, 0
3039, 2, 760, 769, 192, 0, 43.99%, 0, 0, 19, 211.83, 977283, 465, 0, 0
3045, 2, 760, 769, 192, 0, 43.99%, 0, 0, 19, 196.13, 978470, 465, 0, 0
3050, 2, 581, 769, 191, 0, 43.99%, 0, 0, 19, 214.44, 979575, 465, 0, 0
3055, 2, 672, 769, 190, 0, 43.99%, 0, 0, 19, 186.95, 980549, 465, 0, 0
3060, 2, 672, 769, 190, 0, 43.99%, 0, 0, 19, 176.98, 981432, 465, 0, 0
3066, 2, 672, 771, 192, 0, 43.99%, 0, 0, 19, 158.83, 982226, 465, 0, 0
3071, 2, 672, 771, 192, 0, 43.99%, 0, 0, 19, 159.40, 983039, 465, 0, 0
3076, 2, 90, 771, 191, 0, 43.99%, 0, 0, 19, 163.68, 983884, 465, 0, 0
3081, 2, 439, 771, 189, 0, 43.99%, 0, 0, 19, 219.49, 985151, 465, 0, 0
3086, 2, 767, 771, 188, 0, 43.99%, 0, 0, 19, 237.23, 986375, 465, 0, 0
3091, 2, 767, 771, 188, 0, 43.99%, 0, 0, 19, 232.55, 987587, 465, 0, 0
3096, 2, 767, 772, 189, 0, 43.99%, 0, 0, 19, 233.50, 988827, 465, 0, 0
3101, 2, 421, 772, 188, 0, 43.99%, 0, 0, 19, 242.81, 990032, 465, 0, 0
3106, 2, 222, 772, 186, 0, 43.99%, 0, 0, 19, 254.95, 991353, 465, 0, 0
3111, 2, 754, 772, 185, 0, 43.99%, 0, 0, 19, 195.16, 992336, 465, 0, 0
3116, 2, 754, 772, 185, 0, 43.99%, 0, 0, 19, 172.24, 993164, 465, 0, 0
3122, 2, 754, 773, 186, 0, 43.99%, 0, 0, 19, 166.45, 994008, 465, 0, 0
3127, 2, 737, 773, 185, 0, 43.99%, 0, 0, 19, 94.47, 994422, 465, 0, 0
3132, 2, 737, 773, 185, 0, 43.99%, 0, 0, 19, 74.66, 994782, 465, 0, 0
3137, 2, 737, 773, 185, 0, 43.99%, 0, 0, 19, 70.35, 995140, 465, 0, 0
3142, 2, 737, 773, 185, 0, 43.99%, 0, 0, 19, 70.07, 995497, 465, 0, 0
3147, 2, 737, 773, 185, 0, 43.99%, 0, 0, 19, 70.05, 995860, 465, 0, 0
3153, 2, 737, 773, 185, 0, 43.99%, 0, 0, 19, 70.79, 996226, 465, 0, 0
3158, 2, 721, 773, 184, 0, 43.99%, 0, 0, 19, 166.21, 997070, 465, 0, 0
3163, 2, 721, 773, 184, 0, 43.99%, 0, 0, 19, 200.98, 998159, 465, 0, 0
3168, 2, 721, 773, 184, 0, 43.99%, 0, 0, 19, 208.91, 999257, 465, 0, 0
3174, 2, 623, 773, 182, 0, 43.99%, 0, 0, 19, 248.97, 1000719, 465, 0, 0
3179, 2, 575, 773, 181, 0, 43.99%, 0, 0, 19, 235.59, 1001923, 465, 0, 0
3184, 2, 419, 773, 180, 0, 43.99%, 0, 0, 19, 265.29, 1003318, 465, 0, 0
3189, 2, 447, 773, 179, 0, 43.99%, 0, 0, 19, 259.73, 1004653, 465, 0, 0
3194, 2, 661, 773, 179, 0, 43.99%, 0, 0, 19, 251.91, 1005898, 465, 0, 0
3199, 2, 619, 773, 178, 0, 43.99%, 0, 0, 19, 255.89, 1007232, 465, 0, 0
3204, 2, 746, 773, 178, 0, 43.99%, 0, 0, 19, 218.33, 1008388, 465, 0, 0
3209, 2, 746, 773, 178, 0, 43.99%, 0, 0, 19, 195.83, 1009349, 465, 0, 0
3214, 2, 746, 773, 178, 0, 43.99%, 0, 0, 19, 194.26, 1010364, 465, 0, 0
3220, 2, 504, 773, 176, 0, 43.99%, 0, 0, 19, 249.80, 1011648, 465, 0, 0
3225, 2, 619, 773, 176, 0, 43.99%, 0, 0, 19, 258.34, 1012967, 465, 0, 0
3230, 2, 676, 773, 176, 0, 43.99%, 0, 0, 19, 127.16, 1013457, 465, 0, 0
3235, 2, 676, 773, 176, 0, 43.99%, 0, 0, 19, 91.04, 1013874, 465, 0, 0
3240, 2, 676, 773, 176, 0, 43.99%, 0, 0, 19, 82.71, 1014289, 465, 0, 0
3245, 2, 676, 773, 176, 0, 43.99%, 0, 0, 19, 81.20, 1014703, 465, 0, 0
3250, 2, 676, 773, 176, 0, 43.99%, 0, 0, 19, 80.16, 1015115, 465, 0, 0
3255, 2, 757, 773, 175, 0, 43.99%, 0, 0, 19, 143.68, 1015764, 465, 0, 0
3261, 2, 757, 773, 175, 0, 43.99%, 0, 0, 19, 213.18, 1017283, 465, 0, 0
3266, 2, 253, 774, 175, 0, 43.99%, 0, 0, 20, 247.03, 1018566, 465, 0, 0
3271, 2, 686, 774, 174, 0, 43.99%, 0, 0, 20, 261.13, 1019924, 465, 0, 0
3276, 2, 699, 774, 173, 0, 43.99%, 0, 0, 20, 205.21, 1020906, 465, 0, 0
3282, 2, 699, 774, 173, 0, 43.99%, 0, 0, 20, 152.17, 1021608, 465, 0, 0
3288, 2, 699, 774, 173, 0, 43.99%, 0, 0, 20, 143.02, 1022452, 465, 0, 0
3293, 2, 649, 774, 172, 0, 43.99%, 0, 0, 20, 193.10, 1023388, 465, 0, 0
3298, 2, 671, 774, 171, 0, 43.99%, 0, 0, 20, 231.87, 1024726, 465, 0, 0
3303, 2, 671, 774, 171, 0, 43.99%, 0, 0, 20, 242.21, 1026068, 465, 0, 0
3310, 2, 700, 774, 170, 0, 43.99%, 0, 0, 20, 257.47, 1027878, 465, 0, 0
3315, 2, 700, 776, 172, 0, 43.99%, 0, 0, 20, 242.78, 1029076, 465, 0, 0
3321, 2, 774, 776, 171, 1, 43.99%, 0, 0, 20, 240.17, 1030304, 465, 0, 0
3326, 2, 774, 776, 171, 1, 43.99%, 0, 0, 20, 170.69, 1031087, 465, 0, 0
3331, 2, 774, 776, 171, 1, 43.99%, 0, 0, 20, 158.23, 1031891, 465, 0, 0
3336, 2, 774, 780, 175, 1, 43.99%, 0, 0, 20, 157.02, 1032679, 465, 0, 0
3341, 2, 774, 781, 176, 1, 43.99%, 0, 0, 20, 154.69, 1033466, 465, 0, 0
3346, 2, 774, 781, 176, 1, 43.99%, 0, 0, 20, 160.00, 1034276, 465, 0, 0
3351, 2, 774, 781, 176, 1, 43.99%, 0, 0, 20, 159.51, 1035080, 465, 0, 0
3356, 2, 777, 781, 174, 0, 43.99%, 0, 0, 20, 185.40, 1036147, 465, 0, 0
3361, 2, 777, 781, 174, 0, 43.99%, 0, 0, 20, 151.81, 1036867, 465, 0, 0
3366, 2, 777, 781, 174, 0, 43.99%, 0, 0, 20, 141.73, 1037589, 465, 0, 0
3372, 2, 777, 783, 176, 0, 43.99%, 0, 0, 20, 136.00, 1038283, 465, 0, 0
3377, 2, 777, 784, 177, 0, 43.99%, 0, 0, 20, 134.05, 1038980, 465, 0, 0
3382, 2, 777, 784, 177, 0, 43.99%, 0, 0, 20, 134.35, 1039674, 465, 0, 0
3387, 2, 777, 784, 177, 0, 43.99%, 0, 0, 20, 134.48, 1040374, 465, 0, 0
3392, 2, 777, 785, 178, 0, 43.99%, 0, 0, 20, 133.87, 1041041, 465, 0, 0
3397, 2, 777, 785, 178, 0, 43.99%, 0, 0, 20, 132.11, 1041707, 465, 0, 0
3403, 2, 777, 786, 179, 0, 43.99%, 0, 0, 20, 129.76, 1042393, 465, 0, 0
3408, 2, 777, 786, 179, 0, 43.99%, 0, 0, 20, 130.14, 1043070, 465, 0, 0
3413, 2, 777, 786, 179, 0, 43.99%, 0, 0, 20, 129.06, 1043732, 465, 0, 0
3418, 2, 777, 786, 179, 0, 43.99%, 0, 0, 20, 130.14, 1044412, 465, 0, 0
3423, 2, 777, 786, 179, 0, 43.99%, 0, 0, 20, 131.05, 1045092, 465, 0, 0
3429, 2, 777, 786, 179, 0, 43.99%, 0, 0, 20, 125.87, 1045742, 465, 0, 0
3434, 2, 777, 786, 179, 0, 43.99%, 0, 0, 20, 129.04, 1046386, 465, 0, 0
3439, 2, 567, 786, 178, 0, 43.99%, 0, 0, 20, 141.80, 1047243, 465, 0, 0
3444, 2, 144, 786, 177, 0, 43.99%, 0, 0, 20, 229.14, 1048576, 465, 0, 0
3450, 2, 566, 786, 175, 0, 43.99%, 0, 0, 20, 229.65, 1049838, 465, 0, 0
3455, 2, 371, 786, 174, 0, 43.99%, 0, 0, 20, 241.77, 1051138, 465, 0, 0
3460, 2, 705, 786, 173, 0, 43.99%, 0, 0, 20, 204.51, 1052152, 465, 0, 0
3465, 2, 55, 786, 171, 0, 43.99%, 0, 0, 20, 216.07, 1053264, 465, 0, 0
3470, 2, 464, 786, 170, 0, 43.99%, 0, 0, 20, 216.90, 1054383, 465, 0, 0
3475, 2, 624, 786, 170, 0, 43.99%, 0, 0, 20, 230.17, 1055575, 465, 0, 0
3480, 2, 735, 786, 170, 0, 43.99%, 0, 0, 20, 171.55, 1056310, 465, 0, 0
3487, 2, 735, 786, 170, 0, 43.99%, 0, 0, 20, 176.80, 1057547, 465, 0, 0
3492, 2, 746, 786, 169, 0, 43.99%, 0, 0, 20, 171.59, 1058396, 465, 0, 0
3497, 2, 755, 786, 169, 0, 43.99%, 0, 0, 20, 202.08, 1059387, 465, 0, 0
3500, 2, 755, 786, 169, 0, 43.99%, 0, 0, 20, 207.56, 1059831, 465, 0, 0
