# relative_time, cycles_done, cur_item, corpus_count, pending_total, pending_favs, map_size, saved_crashes, saved_hangs, max_depth, execs_per_sec, total_execs, edges_found, total_crashes, servers_count
60, 0, 198, 332, 314, 38, 42.63%, 0, 0, 3, 580.59, 33882, 454, 0, 0
65, 0, 179, 338, 314, 32, 42.63%, 0, 0, 3, 581.89, 36786, 454, 0, 0
71, 0, 251, 353, 328, 31, 42.72%, 0, 0, 3, 576.42, 39726, 455, 0, 0
76, 0, 251, 361, 336, 31, 43.00%, 0, 0, 3, 566.19, 42576, 458, 0, 0
81, 0, 251, 367, 342, 31, 43.00%, 0, 0, 3, 590.93, 45599, 458, 0, 0
86, 0, 138, 371, 343, 28, 43.00%, 0, 0, 3, 555.44, 48475, 458, 0, 0
91, 0, 303, 372, 335, 21, 43.00%, 0, 0, 3, 546.16, 51223, 458, 0, 0
96, 0, 361, 377, 330, 14, 43.19%, 0, 0, 4, 563.19, 54157, 460, 0, 0
101, 0, 367, 381, 322, 5, 43.19%, 0, 0, 5, 591.82, 57192, 460, 0, 0
107, 0, 337, 384, 316, 0, 43.19%, 0, 0, 6, 579.36, 60205, 460, 0, 0
112, 0, 324, 387, 314, 0, 43.19%, 0, 0, 6, 579.51, 63220, 460, 0, 0
117, 0, 356, 390, 312, 0, 43.19%, 0, 0, 6, 568.95, 66137, 460, 0, 0
122, 0, 198, 394, 308, 0, 43.19%, 0, 0, 6, 603.51, 68996, 460, 0, 0
127, 0, 396, 397, 306, 1, 43.29%, 0, 0, 6, 570.66, 71767, 461, 0, 0
132, 0, 320, 400, 304, 0, 43.38%, 0, 0, 6, 578.93, 74763, 462, 0, 0
137, 0, 260, 402, 300, 0, 43.38%, 0, 0, 6, 586.62, 77720, 462, 0, 0
143, 0, 384, 411, 299, 1, 43.94%, 0, 0, 6, 575.82, 80658, 468, 0, 0
148, 0, 384, 417, 305, 1, 43.94%, 0, 0, 6, 583.28, 83582, 468, 0, 0
153, 0, 384, 419, 307, 1, 43.94%, 0, 0, 6, 589.31, 86522, 468, 0, 0
158, 0, 384, 420, 308, 1, 43.94%, 0, 0, 6, 585.02, 89576, 468, 0, 0
163, 0, 384, 421, 309, 1, 43.94%, 0, 0, 6, 581.48, 92608, 468, 0, 0
168, 0, 407, 425, 312, 3, 43.94%, 0, 0, 7, 575.02, 95480, 468, 0, 0
173, 0, 407, 426, 313, 3, 43.94%, 0, 0, 7, 576.39, 98380, 468, 0, 0
178, 0, 265, 428, 311, 0, 43.94%, 0, 0, 7, 575.06, 101310, 468, 0, 0
183, 0, 358, 429, 307, 0, 43.94%, 0, 0, 7, 574.61, 104398, 468, 0, 0
188, 0, 324, 429, 302, 0, 43.94%, 0, 0, 7, 582.67, 107323, 468, 0, 0
193, 0, 366, 430, 298, 0, 43.94%, 0, 0, 7, 578.32, 110214, 468, 0, 0
198, 0, 419, 432, 293, 0, 43.94%, 0, 0, 7, 584.66, 113155, 468, 0, 0
204, 0, 142, 432, 287, 0, 43.94%, 0, 0, 7, 576.47, 116118, 468, 0, 0
209, 0, 388, 434, 284, 0, 43.94%, 0, 0, 7, 575.00, 119022, 468, 0, 0
214, 0, 151, 435, 279, 0, 43.94%, 0, 0, 7, 566.47, 122086, 468, 0, 0
219, 0, 287, 437, 273, 0, 43.94%, 0, 0, 7, 574.29, 125049, 468, 0, 0
224, 0, 347, 438, 271, 0, 43.94%, 0, 0, 7, 578.55, 127975, 468, 0, 0
229, 0, 172, 440, 269, 0, 43.94%, 0, 0, 7, 576.35, 130972, 468, 0, 0
235, 0, 234, 443, 267, 0, 43.94%, 0, 0, 7, 581.35, 134121, 468, 0, 0
240, 0, 287, 444, 261, 0, 43.94%, 0, 0, 7, 576.94, 137017, 468, 0, 0
245, 1, 394, 444, 250, 0, 43.94%, 0, 0, 7, 585.66, 140014, 468, 0, 0
250, 1, 117, 446, 241, 0, 43.94%, 0, 0, 7, 577.48, 142895, 468, 0, 0
255, 1, 400, 447, 231, 0, 43.94%, 0, 0, 7, 574.01, 145845, 468, 0, 0
260, 1, 50, 447, 219, 0, 43.94%, 0, 0, 7, 574.55, 148779, 468, 0, 0
265, 1, 262, 449, 209, 0, 43.94%, 0, 0, 7, 572.81, 151687, 468, 0, 0
270, 1, 166, 450, 197, 0, 43.94%, 0, 0, 7, 566.41, 154538, 468, 0, 0
276, 1, 377, 450, 185, 0, 43.94%, 0, 0, 7, 586.17, 157613, 468, 0, 0
281, 1, 262, 450, 174, 0, 43.94%, 0, 0, 7, 592.21, 160592, 468, 0, 0
286, 1, 257, 455, 170, 0, 43.94%, 0, 0, 7, 583.87, 163578, 468, 0, 0
291, 1, 288, 455, 158, 0, 43.94%, 0, 0, 7, 568.22, 166444, 468, 0, 0
296, 1, 407, 458, 154, 0, 43.94%, 0, 0, 7, 564.19, 169225, 468, 0, 0
301, 1, 407, 458, 149, 0, 43.94%, 0, 0, 7, 610.14, 172050, 468, 0, 0
306, 1, 441, 458, 140, 0, 43.94%, 0, 0, 7, 592.92, 174999, 468, 0, 0
311, 1, 393, 459, 133, 0, 43.94%, 0, 0, 7, 599.78, 178024, 468, 0, 0
316, 1, 279, 459, 127, 0, 43.94%, 0, 0, 7, 587.64, 181010, 468, 0, 0
321, 1, 409, 459, 116, 0, 43.94%, 0, 0, 7, 577.09, 183962, 468, 0, 0
326, 1, 457, 461, 111, 0, 43.94%, 0, 0, 7, 556.31, 186802, 468, 0, 0
331, 1, 87, 463, 107, 0, 43.94%, 0, 0, 7, 545.68, 189394, 468, 0, 0
336, 1, 461, 466, 107, 0, 43.94%, 0, 0, 7, 480.19, 191688, 468, 0, 0
341, 1, 465, 467, 101, 0, 43.94%, 0, 0, 8, 559.86, 194733, 468, 0, 0
347, 1, 70, 470, 98, 0, 43.94%, 0, 0, 8, 558.52, 197643, 468, 0, 0
352, 1, 417, 470, 93, 0, 43.94%, 0, 0, 8, 584.29, 200734, 468, 0, 0
357, 1, 394, 471, 89, 0, 43.94%, 0, 0, 8, 569.33, 203549, 468, 0, 0
362, 1, 257, 472, 86, 0, 43.94%, 0, 0, 8, 584.05, 206602, 468, 0, 0
367, 1, 127, 477, 84, 0, 43.94%, 0, 0, 8, 587.22, 209632, 468, 0, 0
372, 1, 298, 479, 81, 0, 43.94%, 0, 0, 8, 584.63, 212607, 468, 0, 0
377, 1, 443, 480, 77, 0, 43.94%, 0, 0, 8, 584.19, 215548, 468, 0, 0
383, 1, 383, 485, 82, 0, 43.94%, 0, 0, 8, 588.64, 218625, 468, 0, 0
388, 1, 383, 485, 82, 0, 43.94%, 0, 0, 8, 590.08, 221639, 468, 0, 0
393, 2, 271, 487, 80, 0, 43.94%, 0, 0, 8, 589.77, 224758, 468, 0, 0
398, 2, 87, 488, 78, 0, 43.94%, 0, 0, 8, 573.56, 227629, 468, 0, 0
403, 2, 486, 490, 77, 0, 43.94%, 0, 0, 8, 583.24, 230656, 468, 0, 0
408, 2, 358, 491, 70, 0, 43.94%, 0, 0, 8, 593.22, 233649, 468, 0, 0
414, 2, 409, 494, 70, 0, 43.94%, 0, 0, 8, 583.42, 236666, 468, 0, 0
419, 2, 377, 494, 66, 0, 43.94%, 0, 0, 8, 609.74, 239760, 468, 0, 0
424, 2, 491, 496, 64, 0, 43.94%, 0, 0, 8, 590.48, 242754, 468, 0, 0
429, 2, 458, 496, 60, 0, 43.94%, 0, 0, 8, 600.13, 245737, 468, 0, 0
434, 2, 479, 496, 57, 0, 43.94%, 0, 0, 8, 590.48, 248760, 468, 0, 0
439, 2, 137, 496, 54, 0, 43.94%, 0, 0, 8, 592.54, 251734, 468, 0, 0
444, 2, 91, 496, 52, 0, 43.94%, 0, 0, 8, 585.96, 254862, 468, 0, 0
449, 2, 102, 496, 49, 0, 43.94%, 0, 0, 8, 598.34, 257967, 468, 0, 0
454, 2, 161, 496, 48, 0, 43.94%, 0, 0, 8, 592.14, 260920, 468, 0, 0
460, 2, 385, 498, 48, 0, 43.94%, 0, 0, 8, 593.67, 263983, 468, 0, 0
465, 2, 458, 500, 48, 0, 43.94%, 0, 0, 8, 583.94, 266954, 468, 0, 0
470, 2, 293, 500, 47, 0, 43.94%, 0, 0, 8, 584.87, 269969, 468, 0, 0
475, 2, 387, 500, 45, 0, 43.94%, 0, 0, 8, 577.39, 272848, 468, 0, 0
480, 2, 81, 500, 44, 0, 43.94%, 0, 0, 8, 590.24, 275820, 468, 0, 0
485, 2, 502, 503, 44, 0, 43.94%, 0, 0, 8, 596.98, 278908, 468, 0, 0
490, 2, 436, 503, 41, 0, 43.94%, 0, 0, 8, 592.10, 281930, 468, 0, 0
495, 2, 324, 503, 40, 0, 43.94%, 0, 0, 8, 587.94, 284874, 468, 0, 0
500, 2, 454, 504, 38, 0, 43.94%, 0, 0, 8, 561.09, 287784, 468, 0, 0
505, 2, 454, 508, 42, 0, 43.94%, 0, 0, 8, 543.22, 290502, 468, 0, 0
510, 2, 75, 508, 39, 0, 43.94%, 0, 0, 8, 536.75, 293168, 468, 0, 0
516, 2, 433, 508, 37, 0, 43.94%, 0, 0, 8, 546.61, 295993, 468, 0, 0
521, 2, 495, 510, 37, 0, 43.94%, 0, 0, 8, 532.88, 298741, 468, 0, 0
526, 2, 324, 510, 35, 0, 43.94%, 0, 0, 8, 546.25, 301582, 468, 0, 0
531, 2, 407, 511, 33, 0, 43.94%, 0, 0, 8, 546.55, 304419, 468, 0, 0
536, 2, 412, 511, 33, 0, 43.94%, 0, 0, 8, 557.57, 307258, 468, 0, 0
541, 3, 324, 511, 29, 0, 43.94%, 0, 0, 8, 551.73, 310120, 468, 0, 0
547, 3, 372, 512, 30, 0, 43.94%, 0, 0, 8, 546.56, 312950, 468, 0, 0
552, 3, 394, 512, 30, 0, 43.94%, 0, 0, 8, 548.34, 315700, 468, 0, 0
557, 3, 366, 512, 30, 0, 43.94%, 0, 0, 8, 551.92, 318509, 468, 0, 0
562, 3, 247, 512, 30, 0, 43.94%, 0, 0, 8, 542.20, 321103, 468, 0, 0
567, 3, 433, 512, 30, 0, 43.94%, 0, 0, 8, 552.02, 323916, 468, 0, 0
572, 3, 376, 512, 29, 0, 43.94%, 0, 0, 8, 548.40, 326671, 468, 0, 0
577, 3, 358, 513, 30, 0, 43.94%, 0, 0, 8, 542.17, 329501, 468, 0, 0
582, 3, 358, 513, 29, 0, 43.94%, 0, 0, 8, 536.79, 332250, 468, 0, 0
587, 3, 225, 513, 28, 0, 43.94%, 0, 0, 8, 551.06, 335034, 468, 0, 0
592, 3, 458, 514, 27, 0, 43.94%, 0, 0, 8, 544.79, 337854, 468, 0, 0
597, 3, 280, 515, 26, 0, 43.94%, 0, 0, 8, 554.85, 340684, 468, 0, 0
602, 3, 396, 525, 36, 0, 43.94%, 0, 0, 8, 553.53, 343473, 468, 0, 0
607, 3, 396, 537, 48, 0, 43.94%, 0, 0, 8, 548.09, 346321, 468, 0, 0
613, 3, 396, 543, 54, 0, 43.94%, 0, 0, 8, 545.52, 349143, 468, 0, 0
618, 3, 396, 548, 59, 0, 43.94%, 0, 0, 8, 549.28, 351998, 468, 0, 0
623, 3, 396, 552, 63, 0, 43.94%, 0, 0, 8, 555.42, 354783, 468, 0, 0
628, 3, 541, 555, 66, 0, 43.94%, 0, 0, 8, 552.84, 357616, 468, 0, 0
633, 3, 541, 560, 71, 0, 43.94%, 0, 0, 8, 551.46, 360478, 468, 0, 0
638, 3, 541, 563, 74, 0, 43.94%, 0, 0, 8, 549.00, 363251, 468, 0, 0
643, 3, 541, 564, 75, 0, 43.94%, 0, 0, 8, 549.42, 366098, 468, 0, 0
649, 3, 541, 565, 76, 0, 43.94%, 0, 0, 8, 549.09, 368945, 468, 0, 0
654, 3, 539, 565, 74, 0, 43.94%, 0, 0, 8, 541.57, 371685, 468, 0, 0
659, 3, 342, 566, 72, 0, 43.94%, 0, 0, 8, 535.93, 374452, 468, 0, 0
665, 3, 537, 566, 71, 0, 43.94%, 0, 0, 8, 543.32, 377662, 468, 0, 0
670, 3, 537, 574, 79, 0, 43.94%, 0, 0, 8, 541.89, 380379, 468, 0, 0
675, 3, 537, 579, 84, 0, 43.94%, 0, 0, 8, 539.30, 383154, 468, 0, 0
680, 3, 537, 580, 85, 0, 43.94%, 0, 0, 8, 548.92, 385981, 468, 0, 0
685, 3, 537, 583, 88, 0, 43.94%, 0, 0, 8, 542.57, 388772, 468, 0, 0
690, 3, 314, 584, 88, 0, 43.94%, 0, 0, 8, 547.54, 391551, 468, 0, 0
696, 3, 540, 587, 90, 0, 43.94%, 0, 0, 8, 537.12, 394339, 468, 0, 0
701, 3, 540, 589, 92, 0, 43.94%, 0, 0, 8, 537.34, 397093, 468, 0, 0
706, 3, 540, 590, 93, 0, 43.94%, 0, 0, 8, 537.58, 399850, 468, 0, 0
711, 3, 540, 590, 93, 0, 43.94%, 0, 0, 8, 539.46, 402610, 468, 0, 0
716, 3, 515, 590, 92, 0, 43.94%, 0, 0, 8, 543.44, 405388, 468, 0, 0
721, 3, 342, 592, 92, 0, 43.94%, 0, 0, 8, 542.60, 408162, 468, 0, 0
726, 3, 269, 594, 93, 0, 43.94%, 0, 0, 8, 532.32, 410804, 468, 0, 0
733, 3, 560, 596, 94, 0, 43.94%, 0, 0, 8, 529.44, 414596, 468, 0, 0
738, 3, 532, 601, 98, 0, 43.94%, 0, 0, 8, 540.80, 417339, 468, 0, 0
743, 3, 535, 605, 99, 0, 43.94%, 0, 0, 8, 525.86, 419974, 468, 0, 0
748, 3, 535, 608, 102, 0, 43.94%, 0, 0, 8, 528.48, 422715, 468, 0, 0
754, 3, 535, 610, 104, 0, 43.94%, 0, 0, 8, 534.00, 425459, 468, 0, 0
759, 3, 535, 612, 106, 0, 43.94%, 0, 0, 8, 544.87, 428193, 468, 0, 0
764, 3, 535, 613, 107, 0, 43.94%, 0, 0, 8, 530.90, 430920, 468, 0, 0
769, 3, 124, 613, 105, 0, 43.94%, 0, 0, 8, 548.05, 433689, 468, 0, 0
774, 3, 596, 614, 105, 0, 43.94%, 0, 0, 8, 538.07, 436440, 468, 0, 0
779, 3, 546, 616, 104, 0, 43.94%, 0, 0, 8, 549.41, 439244, 468, 0, 0
784, 3, 546, 616, 104, 0, 43.94%, 0, 0, 8, 531.28, 441927, 468, 0, 0
789, 3, 378, 618, 104, 0, 43.94%, 0, 0, 8, 567.52, 444907, 468, 0, 0
794, 3, 570, 623, 108, 0, 43.94%, 0, 0, 8, 548.04, 447682, 468, 0, 0
799, 3, 570, 625, 110, 0, 43.94%, 0, 0, 8, 557.30, 450537, 468, 0, 0
804, 3, 570, 628, 113, 0, 43.94%, 0, 0, 8, 555.64, 453308, 468, 0, 0
809, 3, 570, 629, 114, 0, 43.94%, 0, 0, 8, 563.21, 456175, 468, 0, 0
815, 3, 570, 631, 116, 0, 43.94%, 0, 0, 8, 548.30, 458958, 468, 0, 0
821, 3, 563, 631, 115, 0, 43.94%, 0, 0, 8, 554.30, 462370, 468, 0, 0
826, 3, 563, 635, 119, 0, 43.94%, 0, 0, 8, 563.07, 465236, 468, 0, 0
831, 3, 563, 637, 121, 0, 43.94%, 0, 0, 8, 564.86, 468099, 468, 0, 0
836, 3, 563, 638, 122, 0, 43.94%, 0, 0, 8, 568.74, 470988, 468, 0, 0
842, 3, 586, 640, 123, 0, 43.94%, 0, 0, 8, 569.74, 474440, 468, 0, 0
847, 3, 513, 641, 121, 0, 43.94%, 0, 0, 8, 563.42, 477359, 468, 0, 0
852, 3, 632, 641, 119, 0, 43.94%, 0, 0, 8, 546.34, 480215, 468, 0, 0
857, 3, 610, 641, 117, 0, 43.94%, 0, 0, 8, 534.72, 482976, 468, 0, 0
864, 3, 576, 642, 117, 0, 43.94%, 0, 0, 8, 534.33, 486465, 468, 0, 0
869, 3, 257, 644, 116, 0, 43.94%, 0, 0, 8, 554.33, 489261, 468, 0, 0
874, 3, 170, 646, 117, 0, 43.94%, 0, 0, 8, 559.71, 492179, 468, 0, 0
879, 3, 627, 646, 117, 0, 43.94%, 0, 0, 8, 102.73, 492853, 468, 0, 0
884, 3, 627, 646, 117, 0, 43.94%, 0, 0, 8, 103.38, 493381, 468, 0, 0
890, 3, 627, 646, 117, 0, 43.94%, 0, 0, 8, 103.57, 493909, 468, 0, 0
895, 3, 643, 646, 116, 0, 43.94%, 0, 0, 8, 231.73, 494917, 468, 0, 0
900, 3, 643, 648, 118, 0, 43.94%, 0, 0, 9, 498.95, 497851, 468, 0, 0
905, 3, 643, 649, 119, 0, 43.94%, 0, 0, 9, 546.78, 500682, 468, 0, 0
910, 3, 643, 649, 119, 0, 43.94%, 0, 0, 9, 571.49, 503705, 468, 0, 0
915, 3, 587, 649, 117, 0, 43.94%, 0, 0, 9, 579.18, 506625, 468, 0, 0
920, 3, 618, 651, 118, 0, 43.94%, 0, 0, 9, 562.10, 509456, 468, 0, 0
925, 3, 618, 652, 119, 0, 43.94%, 0, 0, 9, 548.22, 512253, 468, 0, 0
930, 3, 646, 652, 116, 0, 43.94%, 0, 0, 9, 560.16, 515112, 468, 0, 0
935, 3, 568, 652, 113, 0, 43.94%, 0, 0, 9, 564.25, 517934, 468, 0, 0
941, 3, 650, 654, 114, 0, 43.94%, 0, 0, 9, 556.82, 520849, 468, 0, 0
946, 3, 650, 657, 117, 0, 43.94%, 0, 0, 9, 566.13, 523708, 468, 0, 0
951, 3, 650, 658, 118, 0, 43.94%, 0, 0, 9, 564.56, 526553, 468, 0, 0
956, 3, 650, 658, 118, 0, 43.94%, 0, 0, 9, 555.74, 529369, 468, 0, 0
961, 3, 633, 659, 117, 0, 43.94%, 0, 0, 9, 550.14, 532187, 468, 0, 0
966, 3, 639, 660, 117, 0, 43.94%, 0, 0, 9, 539.92, 534962, 468, 0, 0
971, 3, 522, 661, 117, 0, 43.94%, 0, 0, 9, 549.96, 537779, 468, 0, 0
976, 3, 641, 666, 121, 0, 43.94%, 0, 0, 9, 534.19, 540444, 468, 0, 0
981, 3, 641, 666, 121, 0, 43.94%, 0, 0, 9, 535.70, 543194, 468, 0, 0
986, 3, 602, 666, 120, 0, 43.94%, 0, 0, 9, 508.94, 545869, 468, 0, 0
993, 3, 602, 666, 120, 0, 43.94%, 0, 0, 9, 275.48, 547205, 468, 0, 0
999, 3, 630, 667, 119, 0, 43.94%, 0, 0, 9, 484.79, 549992, 468, 0, 0
1004, 3, 656, 667, 118, 0, 43.94%, 0, 0, 9, 507.87, 552579, 468, 0, 0
1010, 3, 581, 669, 119, 0, 43.94%, 0, 0, 9, 547.34, 556364, 468, 0, 0
1016, 3, 519, 671, 120, 0, 43.94%, 0, 0, 9, 350.56, 558130, 468, 0, 0
1021, 3, 654, 671, 119, 0, 43.94%, 0, 0, 9, 491.79, 560690, 468, 0, 0
1026, 3, 528, 672, 118, 0, 43.94%, 0, 0, 9, 553.09, 563810, 468, 0, 0
1032, 3, 636, 672, 116, 0, 43.94%, 0, 0, 9, 548.08, 566899, 468, 0, 0
1037, 3, 206, 673, 112, 0, 43.94%, 0, 0, 9, 565.36, 569758, 468, 0, 0
1042, 3, 653, 673, 111, 0, 43.94%, 0, 0, 9, 563.70, 572622, 468, 0, 0
1047, 3, 648, 673, 109, 0, 43.94%, 0, 0, 9, 537.51, 575356, 468, 0, 0
1052, 3, 644, 674, 109, 0, 43.94%, 0, 0, 9, 558.21, 578199, 468, 0, 0
1057, 3, 272, 674, 108, 0, 43.94%, 0, 0, 9, 550.11, 581030, 468, 0, 0
1062, 3, 657, 674, 107, 0, 43.94%, 0, 0, 9, 533.54, 583688, 468, 0, 0
1067, 3, 601, 674, 105, 0, 43.94%, 0, 0, 9, 540.27, 586398, 468, 0, 0
1072, 3, 674, 677, 106, 0, 43.94%, 0, 0, 9, 580.09, 589337, 468, 0, 0
1078, 3, 17, 677, 105, 0, 43.94%, 0, 0, 9, 594.97, 592571, 468, 0, 0
1083, 3, 653, 679, 105, 0, 43.94%, 0, 0, 9, 588.61, 595592, 468, 0, 0
1089, 3, 663, 679, 105, 0, 43.94%, 0, 0, 9, 555.81, 599075, 468, 0, 0
1094, 3, 533, 680, 103, 0, 43.94%, 0, 0, 9, 557.28, 601894, 468, 0, 0
1099, 3, 671, 681, 103, 0, 43.94%, 0, 0, 9, 554.98, 604668, 468, 0, 0
1104, 3, 670, 681, 101, 0, 43.94%, 0, 0, 9, 571.57, 607635, 468, 0, 0
1110, 3, 662, 682, 101, 0, 43.94%, 0, 0, 9, 559.81, 610570, 468, 0, 0
1115, 3, 679, 682, 99, 0, 43.94%, 0, 0, 9, 554.34, 613409, 468, 0, 0
1120, 3, 597, 682, 97, 0, 43.94%, 0, 0, 9, 544.87, 616237, 468, 0, 0
1125, 3, 646, 682, 96, 0, 43.94%, 0, 0, 9, 561.22, 619083, 468, 0, 0
1130, 3, 569, 682, 96, 0, 43.94%, 0, 0, 9, 548.13, 621829, 468, 0, 0
1135, 3, 621, 682, 94, 0, 43.94%, 0, 0, 9, 530.77, 624546, 468, 0, 0
1140, 3, 601, 685, 94, 0, 43.94%, 0, 0, 9, 561.04, 627457, 468, 0, 0
1145, 3, 673, 686, 94, 0, 43.94%, 0, 0, 9, 566.60, 630346, 468, 0, 0
1151, 3, 91, 688, 91, 0, 43.94%, 0, 0, 9, 588.61, 633362, 468, 0, 0
1156, 3, 682, 688, 91, 0, 43.94%, 0, 0, 9, 545.69, 636050, 468, 0, 0
1161, 3, 634, 690, 92, 0, 43.94%, 0, 0, 9, 544.81, 638860, 468, 0, 0
1166, 3, 678, 692, 93, 0, 43.94%, 0, 0, 9, 536.42, 641585, 468, 0, 0
1171, 3, 629, 692, 92, 0, 43.94%, 0, 0, 9, 541.68, 644445, 468, 0, 0
1176, 3, 691, 692, 91, 0, 43.94%, 0, 0, 9, 544.53, 647297, 468, 0, 0
1181, 3, 691, 696, 95, 0, 43.94%, 0, 0, 10, 538.35, 650082, 468, 0, 0
1186, 3, 691, 696, 95, 0, 43.94%, 0, 0, 10, 542.01, 652822, 468, 0, 0
1191, 3, 628, 696, 94, 0, 43.94%, 0, 0, 10, 491.28, 655392, 468, 0, 0
1196, 3, 356, 697, 94, 0, 43.94%, 0, 0, 10, 371.59, 656983, 468, 0, 0
1201, 3, 681, 699, 95, 0, 43.94%, 0, 0, 10, 514.60, 659777, 468, 0, 0
1207, 3, 696, 699, 93, 0, 43.94%, 0, 0, 10, 100.84, 662330, 468, 0, 0
1212, 3, 696, 699, 93, 0, 43.94%, 0, 0, 10, 101.86, 662846, 468, 0, 0
1217, 3, 696, 699, 93, 0, 43.94%, 0, 0, 10, 100.84, 663362, 468, 0, 0
1222, 3, 696, 699, 93, 0, 43.94%, 0, 0, 10, 100.26, 663872, 468, 0, 0
1227, 3, 642, 699, 92, 0, 43.94%, 0, 0, 10, 276.22, 665095, 468, 0, 0
1232, 3, 598, 699, 91, 0, 43.94%, 0, 0, 10, 503.53, 667977, 468, 0, 0
1237, 3, 680, 700, 89, 0, 43.94%, 0, 0, 10, 537.80, 670773, 468, 0, 0
1242, 3, 645, 702, 90, 0, 43.94%, 0, 0, 10, 541.62, 673600, 468, 0, 0
1247, 3, 645, 703, 91, 0, 43.94%, 0, 0, 10, 547.66, 676364, 468, 0, 0
1252, 3, 666, 704, 89, 0, 43.94%, 0, 0, 10, 555.11, 679239, 468, 0, 0
1258, 3, 677, 705, 89, 0, 43.94%, 0, 0, 10, 535.44, 681967, 468, 0, 0
1263, 3, 661, 705, 88, 0, 43.94%, 0, 0, 10, 522.03, 684632, 468, 0, 0
1268, 3, 685, 706, 88, 0, 43.94%, 0, 0, 10, 533.89, 687367, 468, 0, 0
1273, 3, 693, 708, 87, 0, 43.94%, 0, 0, 10, 547.89, 690157, 468, 0, 0
1278, 4, 700, 708, 86, 0, 43.94%, 0, 0, 10, 540.60, 692865, 468, 0, 0
1283, 4, 705, 709, 86, 0, 43.94%, 0, 0, 11, 547.60, 695725, 468, 0, 0
1288, 4, 385, 710, 85, 0, 43.94%, 0, 0, 11, 558.38, 698518, 468, 0, 0
1293, 4, 709, 712, 87, 0, 43.94%, 0, 0, 11, 558.54, 701296, 468, 0, 0
1298, 4, 533, 712, 86, 0, 43.94%, 0, 0, 11, 550.18, 704078, 468, 0, 0
1303, 4, 407, 712, 83, 0, 43.94%, 0, 0, 11, 545.99, 706933, 468, 0, 0
1309, 4, 708, 712, 82, 0, 43.94%, 0, 0, 11, 550.45, 709815, 468, 0, 0
1314, 4, 707, 713, 82, 0, 43.94%, 0, 0, 12, 537.26, 712477, 468, 0, 0
1319, 4, 710, 714, 82, 0, 43.94%, 0, 0, 12, 550.00, 715259, 468, 0, 0
1324, 4, 686, 716, 83, 0, 43.94%, 0, 0, 12, 565.41, 718133, 468, 0, 0
1329, 4, 690, 719, 84, 0, 43.94%, 0, 0, 12, 565.03, 721035, 468, 0, 0
1334, 4, 690, 719, 84, 0, 43.94%, 0, 0, 12, 536.30, 723638, 468, 0, 0
1339, 4, 606, 719, 82, 0, 43.94%, 0, 0, 12, 527.14, 726265, 468, 0, 0
1344, 4, 692, 719, 81, 0, 43.94%, 0, 0, 12, 530.46, 729035, 468, 0, 0
1349, 4, 672, 720, 80, 0, 43.94%, 0, 0, 12, 558.67, 731838, 468, 0, 0
1354, 4, 672, 721, 81, 0, 43.94%, 0, 0, 12, 528.84, 734513, 468, 0, 0
1359, 4, 549, 723, 81, 0, 43.94%, 0, 0, 12, 546.64, 737271, 468, 0, 0
1364, 4, 697, 723, 79, 0, 43.94%, 0, 0, 12, 546.48, 740043, 468, 0, 0
1369, 4, 655, 723, 77, 0, 43.94%, 0, 0, 12, 543.75, 742818, 468, 0, 0
1374, 4, 582, 724, 77, 0, 43.94%, 0, 0, 12, 541.06, 745531, 468, 0, 0
1379, 4, 701, 725, 76, 0, 43.94%, 0, 0, 12, 550.23, 748291, 468, 0, 0
1384, 4, 715, 725, 75, 0, 43.94%, 0, 0, 12, 546.33, 751014, 468, 0, 0
1390, 4, 715, 728, 78, 0, 43.94%, 0, 0, 12, 538.94, 753785, 468, 0, 0
1395, 4, 612, 728, 77, 0, 43.94%, 0, 0, 12, 573.18, 757188, 468, 0, 0
1400, 4, 703, 729, 76, 0, 43.94%, 0, 0, 12, 543.85, 759969, 468, 0, 0
1406, 4, 724, 730, 74, 0, 43.94%, 0, 0, 12, 573.10, 762977, 468, 0, 0
1411, 4, 616, 731, 73, 0, 43.94%, 0, 0, 12, 571.87, 765851, 468, 0, 0
1417, 4, 730, 731, 72, 0, 43.94%, 0, 0, 12, 543.10, 769313, 468, 0, 0
1422, 4, 647, 731, 70, 0, 43.94%, 0, 0, 12, 538.09, 772053, 468, 0, 0
1427, 4, 726, 731, 69, 0, 43.94%, 0, 0, 12, 535.93, 774822, 468, 0, 0
1434, 4, 728, 731, 68, 0, 43.94%, 0, 0, 12, 555.08, 778660, 468, 0, 0
1439, 4, 706, 732, 67, 0, 43.94%, 0, 0, 12, 576.37, 781545, 468, 0, 0
1444, 4, 441, 732, 64, 0, 43.94%, 0, 0, 12, 573.91, 784381, 468, 0, 0
1449, 4, 81, 732, 62, 0, 43.94%, 0, 0, 12, 561.09, 787251, 468, 0, 0
1455, 4, 594, 732, 62, 0, 43.94%, 0, 0, 12, 559.45, 790329, 468, 0, 0
1460, 4, 665, 733, 61, 0, 43.94%, 0, 0, 12, 530.24, 793115, 468, 0, 0
1465, 4, 731, 735, 62, 0, 43.94%, 0, 0, 12, 527.17, 795745, 468, 0, 0
1470, 4, 575, 735, 61, 0, 43.94%, 0, 0, 12, 537.76, 798422, 468, 0, 0
1475, 4, 486, 735, 60, 0, 43.94%, 0, 0, 12, 532.88, 801034, 468, 0, 0
1480, 4, 734, 736, 60, 0, 43.94%, 0, 0, 12, 461.47, 803193, 468, 0, 0
1485, 4, 650, 737, 59, 0, 43.94%, 0, 0, 12, 514.78, 805760, 468, 0, 0
1490, 4, 694, 737, 58, 0, 43.94%, 0, 0, 12, 529.94, 808509, 468, 0, 0
1496, 4, 613, 737, 57, 0, 43.94%, 0, 0, 12, 524.25, 811469, 468, 0, 0
1501, 4, 620, 738, 56, 0, 43.94%, 0, 0, 12, 520.17, 814186, 468, 0, 0
1506, 4, 718, 738, 54, 0, 43.94%, 0, 0, 12, 554.44, 816917, 468, 0, 0
1511, 4, 735, 738, 53, 0, 43.94%, 0, 0, 12, 375.20, 818811, 468, 0, 0
1516, 4, 592, 738, 52, 0, 43.94%, 0, 0, 12, 368.56, 820397, 468, 0, 0
1522, 4, 523, 739, 51, 0, 43.94%, 0, 0, 12, 521.63, 823247, 468, 0, 0
1527, 4, 424, 740, 51, 0, 43.94%, 0, 0, 12, 517.17, 825926, 468, 0, 0
1532, 4, 723, 742, 53, 0, 43.94%, 0, 0, 12, 527.87, 828679, 468, 0, 0
1537, 4, 667, 742, 51, 0, 43.94%, 0, 0, 12, 531.32, 831469, 468, 0, 0
1542, 4, 561, 743, 50, 0, 43.94%, 0, 0, 12, 540.67, 834159, 468, 0, 0
1547, 4, 626, 743, 49, 0, 43.94%, 0, 0, 12, 553.61, 836967, 468, 0, 0
1552, 4, 721, 744, 48, 0, 43.94%, 0, 0, 12, 541.63, 839763, 468, 0, 0
1557, 4, 704, 745, 47, 0, 43.94%, 0, 0, 12, 520.68, 842382, 468, 0, 0
1562, 4, 152, 745, 46, 0, 43.94%, 0, 0, 12, 537.26, 845075, 468, 0, 0
1567, 4, 725, 745, 46, 0, 43.94%, 0, 0, 12, 541.41, 847936, 468, 0, 0
1572, 4, 668, 746, 46, 0, 43.94%, 0, 0, 12, 510.06, 850590, 468, 0, 0
1577, 4, 679, 748, 47, 0, 43.94%, 0, 0, 12, 542.21, 853441, 468, 0, 0
1583, 4, 747, 748, 47, 0, 43.94%, 0, 0, 12, 544.45, 856226, 468, 0, 0
1588, 4, 747, 750, 49, 0, 43.94%, 0, 0, 12, 545.23, 859034, 468, 0, 0
1593, 4, 688, 750, 47, 0, 43.94%, 0, 0, 12, 547.78, 861852, 468, 0, 0
1598, 4, 688, 754, 51, 0, 43.94%, 0, 0, 12, 525.47, 864449, 468, 0, 0
1603, 4, 688, 754, 51, 0, 43.94%, 0, 0, 12, 500.28, 866949, 468, 0, 0
1608, 4, 688, 755, 52, 0, 43.94%, 0, 0, 12, 496.98, 869474, 468, 0, 0
1613, 4, 688, 755, 52, 0, 43.94%, 0, 0, 12, 495.63, 871967, 468, 0, 0
1619, 4, 694, 755, 51, 0, 43.94%, 0, 0, 12, 510.04, 875150, 468, 0, 0
1624, 4, 197, 755, 50, 0, 43.94%, 0, 0, 12, 566.13, 878115, 468, 0, 0
1629, 4, 376, 755, 49, 0, 43.94%, 0, 0, 12, 562.49, 880957, 468, 0, 0
1635, 4, 711, 756, 50, 0, 43.94%, 0, 0, 12, 530.47, 883633, 468, 0, 0
1640, 4, 437, 756, 49, 0, 43.94%, 0, 0, 12, 557.44, 886466, 468, 0, 0
1645, 4, 740, 758, 50, 0, 43.94%, 0, 0, 12, 552.36, 889195, 468, 0, 0
1650, 4, 608, 759, 50, 0, 43.94%, 0, 0, 12, 561.26, 892158, 468, 0, 0
1655, 4, 81, 759, 49, 0, 43.94%, 0, 0, 12, 566.83, 895062, 468, 0, 0
1660, 4, 702, 760, 48, 0, 43.94%, 0, 0, 12, 557.58, 897905, 468, 0, 0
1665, 4, 702, 760, 48, 0, 43.94%, 0, 0, 12, 532.15, 900550, 468, 0, 0
1670, 4, 126, 760, 46, 0, 43.94%, 0, 0, 12, 557.42, 903367, 468, 0, 0
1675, 4, 760, 763, 48, 0, 43.94%, 0, 0, 12, 569.75, 906266, 468, 0, 0
1680, 4, 760, 763, 48, 0, 43.94%, 0, 0, 12, 582.37, 909236, 468, 0, 0
1685, 4, 712, 763, 47, 0, 43.94%, 0, 0, 12, 563.40, 912059, 468, 0, 0
1690, 4, 385, 765, 47, 0, 43.94%, 0, 0, 13, 555.35, 914801, 468, 0, 0
1695, 4, 761, 769, 51, 0, 43.94%, 0, 0, 13, 575.85, 917834, 468, 0, 0
1701, 4, 761, 769, 51, 0, 43.94%, 0, 0, 13, 577.76, 920738, 468, 0, 0
1706, 4, 768, 770, 51, 0, 43.94%, 0, 0, 13, 575.48, 923732, 468, 0, 0
1711, 4, 768, 772, 53, 0, 43.94%, 0, 0, 13, 583.76, 926771, 468, 0, 0
1716, 4, 768, 772, 53, 0, 43.94%, 0, 0, 13, 577.12, 929675, 468, 0, 0
1721, 4, 768, 772, 53, 0, 43.94%, 0, 0, 13, 576.94, 932568, 468, 0, 0
1728, 4, 651, 772, 52, 0, 43.94%, 0, 0, 13, 526.16, 936177, 468, 0, 0
1733, 4, 755, 772, 51, 0, 43.94%, 0, 0, 13, 507.95, 938802, 468, 0, 0
1738, 4, 729, 774, 51, 0, 43.94%, 0, 0, 13, 509.24, 941478, 468, 0, 0
1743, 4, 771, 774, 49, 0, 43.94%, 0, 0, 13, 558.98, 944415, 468, 0, 0
1748, 4, 2, 774, 47, 0, 43.94%, 0, 0, 13, 571.26, 947296, 468, 0, 0
1753, 4, 763, 775, 48, 0, 43.94%, 0, 0, 14, 524.20, 949808, 468, 0, 0
1759, 4, 774, 775, 47, 0, 43.94%, 0, 0, 14, 499.22, 952418, 468, 0, 0
1764, 4, 774, 776, 48, 0, 43.94%, 0, 0, 15, 487.14, 954935, 468, 0, 0
1769, 4, 753, 776, 46, 0, 43.94%, 0, 0, 15, 528.62, 957688, 468, 0, 0
1775, 4, 753, 776, 46, 0, 43.94%, 0, 0, 15, 492.44, 960593, 468, 0, 0
1780, 4, 754, 776, 44, 0, 43.94%, 0, 0, 15, 541.53, 963385, 468, 0, 0
1785, 4, 745, 777, 44, 0, 43.94%, 0, 0, 15, 512.49, 965868, 468, 0, 0
1790, 4, 713, 779, 44, 0, 43.94%, 0, 0, 15, 531.01, 968499, 468, 0, 0
1795, 4, 713, 779, 44, 0, 43.94%, 0, 0, 15, 529.19, 971201, 468, 0, 0
1800, 4, 419, 779, 43, 0, 43.94%, 0, 0, 15, 564.17, 974143, 468, 0, 0
1806, 4, 393, 780, 42, 0, 43.94%, 0, 0, 15, 555.26, 976937, 468, 0, 0
1812, 4, 770, 780, 42, 0, 43.94%, 0, 0, 15, 562.82, 980652, 468, 0, 0
1817, 4, 664, 780, 40, 0, 43.94%, 0, 0, 15, 545.30, 983407, 468, 0, 0
1822, 4, 766, 780, 39, 0, 43.94%, 0, 0, 15, 527.24, 986005, 468, 0, 0
1827, 4, 298, 780, 36, 0, 43.94%, 0, 0, 15, 574.44, 989011, 468, 0, 0
1832, 4, 652, 780, 35, 0, 43.94%, 0, 0, 15, 556.43, 991848, 468, 0, 0
1838, 4, 652, 780, 35, 0, 43.94%, 0, 0, 15, 541.33, 994624, 468, 0, 0
1843, 4, 736, 780, 34, 0, 43.94%, 0, 0, 15, 502.86, 997310, 468, 0, 0
1848, 4, 311, 781, 34, 0, 43.94%, 0, 0, 15, 505.75, 999844, 468, 0, 0
1854, 4, 699, 781, 34, 0, 43.94%, 0, 0, 15, 572.59, 1003283, 468, 0, 0
1859, 4, 772, 781, 34, 0, 43.94%, 0, 0, 15, 551.69, 1006224, 468, 0, 0
1864, 4, 358, 781, 32, 0, 43.94%, 0, 0, 15, 542.48, 1008868, 468, 0, 0
1869, 4, 614, 781, 31, 0, 43.94%, 0, 0, 15, 564.92, 1011756, 468, 0, 0
1874, 4, 338, 782, 32, 0, 43.94%, 0, 0, 15, 571.66, 1014648, 468, 0, 0
1879, 4, 776, 782, 31, 0, 43.94%, 0, 0, 15, 484.01, 1016988, 468, 0, 0
1884, 4, 776, 782, 31, 0, 43.94%, 0, 0, 15, 460.60, 1019243, 468, 0, 0
1889, 4, 751, 783, 30, 0, 43.94%, 0, 0, 15, 524.67, 1021984, 468, 0, 0
1894, 4, 782, 783, 29, 0, 43.94%, 0, 0, 15, 546.30, 1024749, 468, 0, 0
1899, 4, 683, 783, 28, 0, 43.94%, 0, 0, 15, 533.31, 1027488, 468, 0, 0
1905, 4, 648, 783, 27, 0, 43.94%, 0, 0, 15, 540.24, 1030641, 468, 0, 0
1910, 5, 307, 783, 27, 0, 43.94%, 0, 0, 15, 562.29, 1033474, 468, 0, 0
1915, 5, 720, 783, 27, 0, 43.94%, 0, 0, 15, 504.10, 1035986, 468, 0, 0
1920, 5, 462, 783, 26, 0, 43.94%, 0, 0, 15, 531.74, 1038704, 468, 0, 0
1925, 5, 775, 784, 26, 0, 43.94%, 0, 0, 15, 497.09, 1041318, 468, 0, 0
1931, 5, 749, 784, 25, 0, 43.94%, 0, 0, 15, 511.26, 1043952, 468, 0, 0
1936, 5, 666, 784, 24, 0, 43.94%, 0, 0, 15, 530.22, 1046755, 468, 0, 0
1941, 5, 186, 784, 24, 0, 43.94%, 0, 0, 15, 545.38, 1049493, 468, 0, 0
1946, 5, 657, 785, 24, 0, 43.94%, 0, 0, 15, 526.58, 1052080, 468, 0, 0
1951, 5, 324, 785, 24, 0, 43.94%, 0, 0, 15, 554.96, 1054902, 468, 0, 0
1956, 5, 758, 785, 24, 0, 43.94%, 0, 0, 15, 563.61, 1057770, 468, 0, 0
1961, 5, 785, 786, 24, 1, 44.04%, 0, 0, 15, 416.28, 1059929, 469, 0, 0
1966, 5, 366, 786, 23, 0, 44.04%, 0, 0, 15, 328.12, 1061446, 469, 0, 0
1971, 5, 324, 786, 22, 0, 44.04%, 0, 0, 15, 518.52, 1064343, 469, 0, 0
1976, 5, 376, 786, 21, 0, 44.04%, 0, 0, 15, 573.31, 1067401, 469, 0, 0
1981, 5, 778, 786, 20, 0, 44.04%, 0, 0, 15, 526.19, 1070031, 469, 0, 0
1987, 5, 778, 788, 22, 0, 44.04%, 0, 0, 15, 507.11, 1072574, 469, 0, 0
1992, 5, 577, 788, 21, 0, 44.04%, 0, 0, 15, 534.99, 1075343, 469, 0, 0
1997, 5, 288, 788, 20, 0, 44.04%, 0, 0, 15, 572.29, 1078281, 469, 0, 0
2002, 5, 744, 788, 20, 0, 44.04%, 0, 0, 15, 528.11, 1080983, 469, 0, 0
2007, 5, 750, 788, 19, 0, 44.04%, 0, 0, 15, 526.22, 1083690, 469, 0, 0
2012, 5, 758, 788, 17, 0, 44.04%, 0, 0, 15, 554.44, 1086506, 469, 0, 0
2017, 5, 519, 789, 17, 0, 44.04%, 0, 0, 15, 540.27, 1089379, 469, 0, 0
2024, 5, 592, 789, 17, 0, 44.04%, 0, 0, 15, 556.15, 1093140, 469, 0, 0
2029, 5, 344, 789, 17, 0, 44.04%, 0, 0, 15, 578.09, 1096051, 469, 0, 0
2034, 5, 376, 789, 15, 0, 44.04%, 0, 0, 15, 550.49, 1098778, 469, 0, 0
2039, 5, 314, 789, 15, 0, 44.04%, 0, 0, 15, 572.32, 1101671, 469, 0, 0
2046, 5, 779, 789, 14, 0, 44.04%, 0, 0, 15, 547.97, 1105305, 469, 0, 0
2051, 5, 458, 789, 13, 0, 44.04%, 0, 0, 15, 572.59, 1108171, 469, 0, 0
2056, 5, 214, 789, 13, 0, 44.04%, 0, 0, 15, 578.61, 1110788, 469, 0, 0
2061, 5, 81, 789, 13, 0, 44.04%, 0, 0, 15, 533.77, 1113485, 469, 0, 0
2066, 5, 158, 791, 14, 0, 44.04%, 0, 0, 15, 575.82, 1116499, 469, 0, 0
2071, 5, 786, 791, 14, 0, 44.04%, 0, 0, 15, 549.91, 1118954, 469, 0, 0
2076, 5, 695, 791, 13, 0, 44.04%, 0, 0, 15, 521.36, 1121506, 469, 0, 0
2081, 5, 695, 792, 14, 0, 44.04%, 0, 0, 15, 525.85, 1124165, 469, 0, 0
2086, 5, 752, 792, 13, 0, 44.04%, 0, 0, 15, 460.16, 1126523, 469, 0, 0
2092, 5, 733, 792, 12, 0, 44.04%, 0, 0, 15, 515.26, 1129165, 469, 0, 0
2097, 5, 733, 792, 12, 0, 44.04%, 0, 0, 15, 488.21, 1131630, 469, 0, 0
2102, 5, 436, 793, 10, 0, 44.04%, 0, 0, 15, 517.70, 1134289, 469, 0, 0
2107, 5, 791, 795, 12, 0, 44.04%, 0, 0, 15, 525.78, 1136974, 469, 0, 0
2112, 5, 790, 795, 11, 0, 44.04%, 0, 0, 15, 550.33, 1139809, 469, 0, 0
2117, 5, 560, 795, 10, 0, 44.04%, 0, 0, 15, 517.65, 1142467, 469, 0, 0
2122, 5, 687, 795, 10, 0, 44.04%, 0, 0, 15, 529.63, 1145158, 469, 0, 0
2127, 5, 357, 795, 10, 0, 44.04%, 0, 0, 15, 562.75, 1148117, 469, 0, 0
2132, 5, 568, 795, 10, 0, 44.04%, 0, 0, 15, 583.34, 1151041, 469, 0, 0
2137, 5, 86, 795, 10, 0, 44.04%, 0, 0, 15, 566.74, 1153867, 469, 0, 0
2144, 5, 793, 795, 10, 0, 44.04%, 0, 0, 15, 565.75, 1157644, 469, 0, 0
2149, 5, 107, 796, 10, 0, 44.04%, 0, 0, 15, 526.93, 1160346, 469, 0, 0
2154, 5, 741, 797, 11, 0, 44.04%, 0, 0, 15, 508.48, 1163011, 469, 0, 0
2159, 5, 746, 797, 10, 0, 44.04%, 0, 0, 15, 521.01, 1165686, 469, 0, 0
2164, 5, 377, 797, 10, 0, 44.04%, 0, 0, 15, 543.47, 1168634, 469, 0, 0
2170, 5, 361, 797, 10, 0, 44.04%, 0, 0, 15, 532.45, 1171160, 469, 0, 0
2175, 5, 737, 798, 11, 0, 44.04%, 0, 0, 15, 532.76, 1173941, 469, 0, 0
2180, 5, 372, 798, 10, 0, 44.04%, 0, 0, 15, 508.55, 1176526, 469, 0, 0
2185, 5, 708, 798, 10, 0, 44.04%, 0, 0, 15, 549.03, 1179389, 469, 0, 0
2190, 5, 792, 798, 10, 0, 44.04%, 0, 0, 15, 501.08, 1181909, 469, 0, 0
2195, 5, 792, 799, 11, 0, 44.04%, 0, 0, 15, 454.93, 1184180, 469, 0, 0
2200, 5, 324, 799, 10, 0, 44.04%, 0, 0, 15, 521.24, 1186875, 469, 0, 0
2205, 5, 376, 800, 11, 0, 44.04%, 0, 0, 15, 568.83, 1189941, 469, 0, 0
2211, 5, 392, 801, 12, 0, 44.04%, 0, 0, 15, 565.98, 1192873, 469, 0, 0
2216, 5, 748, 801, 12, 0, 44.04%, 0, 0, 15, 548.79, 1196016, 469, 0, 0
2221, 5, 796, 801, 11, 0, 44.04%, 0, 0, 15, 509.37, 1198624, 469, 0, 0
2227, 5, 480, 801, 10, 0, 44.04%, 0, 0, 15, 498.91, 1201228, 469, 0, 0
2232, 5, 342, 801, 10, 0, 44.04%, 0, 0, 15, 551.59, 1204135, 469, 0, 0
2237, 6, 788, 801, 10, 0, 44.04%, 0, 0, 15, 537.76, 1206874, 469, 0, 0
2242, 6, 376, 801, 9, 0, 44.04%, 0, 0, 15, 556.39, 1209762, 469, 0, 0
2247, 6, 419, 801, 9, 0, 44.04%, 0, 0, 15, 563.32, 1212713, 469, 0, 0
2253, 6, 747, 801, 9, 0, 44.04%, 0, 0, 15, 530.44, 1216005, 469, 0, 0
2258, 6, 385, 801, 9, 0, 44.04%, 0, 0, 15, 490.15, 1218593, 469, 0, 0
2264, 6, 385, 801, 8, 0, 44.04%, 0, 0, 15, 512.38, 1221198, 469, 0, 0
2269, 6, 2, 801, 8, 0, 44.04%, 0, 0, 15, 548.01, 1223883, 469, 0, 0
2274, 6, 792, 802, 9, 0, 44.04%, 0, 0, 15, 541.01, 1226691, 469, 0, 0
2279, 6, 785, 802, 9, 0, 44.04%, 0, 0, 15, 505.96, 1229287, 469, 0, 0
2284, 6, 795, 802, 9, 0, 44.04%, 0, 0, 15, 542.00, 1232061, 469, 0, 0
2290, 6, 785, 802, 8, 0, 44.04%, 0, 0, 15, 559.00, 1235309, 469, 0, 0
2296, 6, 792, 802, 8, 0, 44.04%, 0, 0, 15, 475.53, 1237529, 469, 0, 0
2301, 6, 801, 802, 8, 0, 44.04%, 0, 0, 15, 429.16, 1239715, 469, 0, 0
2306, 6, 342, 802, 7, 0, 44.04%, 0, 0, 15, 499.51, 1242222, 469, 0, 0
2311, 6, 785, 802, 7, 0, 44.04%, 0, 0, 15, 546.47, 1245212, 469, 0, 0
2316, 6, 377, 802, 7, 0, 44.04%, 0, 0, 15, 510.27, 1247762, 469, 0, 0
2321, 6, 698, 802, 7, 0, 44.04%, 0, 0, 15, 562.89, 1250609, 469, 0, 0
2326, 6, 521, 802, 7, 0, 44.04%, 0, 0, 15, 569.47, 1253524, 469, 0, 0
2331, 6, 396, 802, 7, 0, 44.04%, 0, 0, 15, 513.41, 1256185, 469, 0, 0
2337, 6, 794, 802, 7, 0, 44.04%, 0, 0, 15, 475.93, 1258598, 469, 0, 0
2342, 6, 785, 803, 7, 0, 44.04%, 0, 0, 15, 487.33, 1261177, 469, 0, 0
2347, 6, 131, 803, 7, 0, 44.04%, 0, 0, 15, 522.96, 1263872, 469, 0, 0
2352, 6, 785, 803, 7, 0, 44.04%, 0, 0, 15, 492.85, 1266509, 469, 0, 0
2357, 6, 82, 803, 7, 0, 44.04%, 0, 0, 15, 570.22, 1269496, 469, 0, 0
2362, 6, 342, 803, 6, 0, 44.04%, 0, 0, 15, 556.01, 1272207, 469, 0, 0
2367, 6, 377, 803, 6, 0, 44.04%, 0, 0, 15, 569.76, 1275163, 469, 0, 0
2372, 6, 798, 803, 6, 0, 44.04%, 0, 0, 15, 504.41, 1277626, 469, 0, 0
2378, 6, 784, 803, 5, 0, 44.04%, 0, 0, 15, 480.12, 1280022, 469, 0, 0
2383, 6, 784, 806, 8, 0, 44.04%, 0, 0, 15, 486.11, 1282534, 469, 0, 0
2388, 6, 82, 806, 7, 0, 44.04%, 0, 0, 15, 513.26, 1285208, 469, 0, 0
2393, 6, 785, 806, 7, 0, 44.04%, 0, 0, 15, 501.02, 1287951, 469, 0, 0
2398, 6, 378, 807, 8, 0, 44.04%, 0, 0, 15, 535.49, 1290563, 469, 0, 0
2400, 6, 517, 807, 8, 0, 44.04%, 0, 0, 15, 562.67, 1291409, 469, 0, 0
