# relative_time, cycles_done, cur_item, corpus_count, pending_total, pending_favs, map_size, saved_crashes, saved_hangs, max_depth, execs_per_sec, total_execs, edges_found, total_crashes, servers_count
61, 0, 195, 258, 245, 24, 0.69%, 0, 0, 3, 668.01, 41373, 450, 0, 0
66, 0, 195, 261, 248, 24, 0.69%, 0, 0, 3, 698.80, 44878, 453, 0, 0
71, 0, 195, 264, 251, 24, 0.69%, 0, 0, 3, 694.50, 48344, 455, 0, 0
76, 0, 195, 267, 254, 24, 0.70%, 0, 0, 3, 696.59, 51966, 458, 0, 0
81, 0, 195, 267, 254, 24, 0.70%, 0, 0, 3, 696.48, 55554, 458, 0, 0
86, 0, 195, 268, 255, 24, 0.70%, 0, 0, 3, 728.18, 59336, 458, 0, 0
91, 0, 195, 271, 258, 24, 0.70%, 0, 0, 3, 685.15, 62706, 458, 0, 0
97, 0, 195, 273, 260, 24, 0.70%, 0, 0, 3, 696.33, 66282, 458, 0, 0
102, 0, 195, 273, 260, 24, 0.70%, 0, 0, 3, 717.84, 70081, 458, 0, 0
107, 0, 176, 274, 250, 23, 0.70%, 0, 0, 3, 702.15, 73580, 459, 0, 0
112, 0, 281, 283, 251, 18, 0.70%, 0, 0, 3, 702.25, 77149, 461, 0, 0
117, 0, 258, 284, 242, 8, 0.70%, 0, 0, 4, 703.78, 80774, 461, 0, 0
122, 0, 283, 286, 236, 2, 0.70%, 0, 0, 4, 694.19, 84276, 461, 0, 0
127, 0, 276, 293, 236, 0, 0.70%, 0, 0, 4, 691.20, 87768, 461, 0, 0
132, 0, 245, 293, 228, 0, 0.70%, 0, 0, 4, 696.98, 91607, 461, 0, 0
138, 0, 81, 295, 222, 0, 0.70%, 0, 0, 4, 701.44, 95186, 461, 0, 0
143, 0, 81, 297, 213, 0, 0.70%, 0, 0, 4, 692.99, 98734, 462, 0, 0
148, 0, 246, 303, 213, 0, 0.70%, 0, 0, 4, 729.58, 102490, 462, 0, 0
153, 0, 16, 305, 208, 0, 0.70%, 0, 0, 4, 703.83, 106031, 462, 0, 0
158, 0, 204, 306, 198, 0, 0.70%, 0, 0, 4, 732.46, 109861, 462, 0, 0
163, 0, 301, 309, 195, 0, 0.70%, 0, 0, 5, 700.41, 113410, 462, 0, 0
168, 0, 195, 309, 188, 0, 0.70%, 0, 0, 5, 689.21, 116882, 462, 0, 0
173, 0, 293, 310, 183, 0, 0.70%, 0, 0, 5, 695.96, 120523, 462, 0, 0
179, 0, 88, 314, 179, 0, 0.70%, 0, 0, 5, 712.91, 124302, 462, 0, 0
184, 1, 37, 314, 176, 0, 0.70%, 0, 0, 5, 704.92, 127914, 462, 0, 0
190, 1, 285, 315, 166, 0, 0.70%, 0, 0, 5, 701.54, 132161, 462, 0, 0
195, 1, 288, 318, 159, 0, 0.70%, 0, 0, 5, 694.95, 135614, 462, 0, 0
200, 1, 314, 322, 150, 0, 0.70%, 0, 0, 6, 680.99, 139068, 462, 0, 0
205, 1, 268, 324, 150, 0, 0.70%, 0, 0, 6, 555.42, 142412, 462, 0, 0
210, 1, 230, 325, 140, 0, 0.70%, 0, 0, 6, 656.53, 146027, 462, 0, 0
215, 1, 217, 328, 138, 0, 0.70%, 0, 0, 6, 685.31, 149571, 462, 0, 0
220, 1, 269, 328, 128, 0, 0.70%, 0, 0, 6, 730.36, 153377, 462, 0, 0
226, 1, 296, 331, 124, 0, 0.70%, 0, 0, 6, 705.47, 157019, 462, 0, 0
231, 1, 295, 331, 116, 0, 0.70%, 0, 0, 6, 718.36, 160627, 462, 0, 0
236, 1, 325, 338, 122, 0, 0.70%, 0, 0, 7, 685.40, 164168, 462, 0, 0
241, 1, 325, 339, 123, 0, 0.70%, 0, 0, 7, 664.67, 167633, 462, 0, 0
246, 1, 142, 339, 120, 0, 0.70%, 0, 0, 7, 682.48, 171118, 462, 0, 0
251, 1, 317, 341, 115, 0, 0.70%, 0, 0, 7, 650.33, 174423, 462, 0, 0
256, 1, 291, 344, 110, 0, 0.70%, 0, 0, 7, 656.53, 177864, 462, 0, 0
261, 1, 228, 345, 105, 0, 0.70%, 0, 0, 8, 658.62, 181184, 462, 0, 0
266, 1, 108, 346, 100, 0, 0.70%, 0, 0, 8, 665.91, 184521, 462, 0, 0
272, 1, 156, 347, 92, 0, 0.70%, 0, 0, 8, 660.89, 187962, 462, 0, 0
277, 1, 301, 349, 88, 0, 0.70%, 0, 0, 8, 637.03, 191278, 462, 0, 0
282, 1, 204, 350, 84, 0, 0.70%, 0, 0, 8, 692.23, 194797, 462, 0, 0
287, 1, 322, 353, 82, 0, 0.70%, 0, 0, 8, 658.75, 198103, 462, 0, 0
292, 2, 222, 354, 78, 0, 0.70%, 0, 0, 8, 659.93, 201450, 462, 0, 0
297, 2, 195, 357, 78, 0, 0.70%, 0, 0, 8, 657.82, 204717, 462, 0, 0
302, 2, 324, 360, 79, 0, 0.70%, 0, 0, 8, 669.88, 208185, 462, 0, 0
307, 2, 346, 361, 75, 0, 0.70%, 0, 0, 8, 686.52, 211663, 462, 0, 0
312, 2, 33, 362, 70, 0, 0.70%, 0, 0, 8, 685.52, 215243, 462, 0, 0
317, 2, 362, 364, 69, 0, 0.70%, 0, 0, 8, 667.51, 218572, 462, 0, 0
323, 2, 50, 366, 69, 0, 0.70%, 0, 0, 9, 673.43, 222097, 462, 0, 0
328, 2, 357, 368, 65, 0, 0.72%, 0, 0, 9, 654.73, 225394, 470, 0, 0
333, 2, 351, 368, 59, 0, 0.72%, 0, 0, 9, 672.72, 228791, 470, 0, 0
338, 2, 363, 369, 56, 0, 0.72%, 0, 0, 9, 628.75, 231943, 470, 0, 0
343, 2, 365, 372, 56, 0, 0.72%, 0, 0, 10, 670.96, 235421, 470, 0, 0
348, 2, 131, 372, 52, 0, 0.72%, 0, 0, 10, 670.12, 238841, 470, 0, 0
353, 2, 356, 372, 48, 0, 0.72%, 0, 0, 10, 684.81, 242482, 470, 0, 0
358, 2, 372, 376, 50, 0, 0.72%, 0, 0, 10, 684.34, 246049, 470, 0, 0
363, 2, 367, 378, 47, 0, 0.72%, 0, 0, 10, 661.58, 249418, 470, 0, 0
369, 2, 374, 379, 46, 0, 0.72%, 0, 0, 10, 702.43, 253054, 470, 0, 0
374, 2, 341, 379, 42, 0, 0.72%, 0, 0, 10, 656.33, 256212, 470, 0, 0
379, 2, 258, 380, 42, 0, 0.72%, 0, 0, 10, 667.13, 259657, 470, 0, 0
384, 2, 380, 381, 41, 0, 0.72%, 0, 0, 10, 663.17, 263079, 470, 0, 0
389, 2, 376, 386, 45, 0, 0.72%, 0, 0, 10, 685.47, 266468, 470, 0, 0
394, 2, 376, 387, 46, 0, 0.72%, 0, 0, 10, 695.70, 269959, 470, 0, 0
399, 2, 376, 387, 46, 0, 0.72%, 0, 0, 10, 671.55, 273287, 470, 0, 0
404, 2, 215, 388, 46, 0, 0.72%, 0, 0, 10, 673.66, 276620, 470, 0, 0
409, 2, 370, 390, 47, 0, 0.72%, 0, 0, 11, 649.77, 279898, 470, 0, 0
414, 2, 339, 393, 48, 0, 0.72%, 0, 0, 11, 650.65, 283145, 470, 0, 0
419, 2, 173, 393, 46, 0, 0.72%, 0, 0, 11, 670.10, 286701, 470, 0, 0
425, 3, 54, 393, 43, 0, 0.72%, 0, 0, 11, 680.76, 290281, 470, 0, 0
430, 3, 391, 393, 42, 0, 0.72%, 0, 0, 11, 684.81, 293777, 470, 0, 0
435, 3, 117, 393, 40, 0, 0.72%, 0, 0, 11, 685.55, 297180, 470, 0, 0
440, 3, 351, 395, 40, 0, 0.72%, 0, 0, 11, 698.21, 300667, 470, 0, 0
445, 3, 393, 397, 41, 0, 0.72%, 0, 0, 12, 697.77, 304152, 470, 0, 0
450, 3, 209, 397, 38, 0, 0.72%, 0, 0, 12, 677.57, 307485, 470, 0, 0
455, 3, 174, 397, 37, 0, 0.72%, 0, 0, 12, 682.03, 310960, 470, 0, 0
460, 3, 296, 397, 34, 0, 0.72%, 0, 0, 12, 696.05, 314446, 470, 0, 0
465, 3, 396, 400, 35, 0, 0.72%, 0, 0, 13, 664.75, 317774, 470, 0, 0
470, 3, 283, 400, 33, 0, 0.72%, 0, 0, 13, 704.61, 321288, 470, 0, 0
475, 3, 388, 400, 32, 0, 0.72%, 0, 0, 13, 742.57, 325148, 470, 0, 0
480, 3, 399, 400, 28, 0, 0.72%, 0, 0, 13, 703.55, 328670, 470, 0, 0
485, 3, 82, 400, 26, 0, 0.72%, 0, 0, 13, 685.49, 332171, 470, 0, 0
490, 3, 78, 400, 25, 0, 0.72%, 0, 0, 13, 674.21, 335643, 470, 0, 0
495, 3, 255, 400, 24, 0, 0.72%, 0, 0, 13, 669.44, 339017, 470, 0, 0
501, 3, 339, 400, 23, 0, 0.72%, 0, 0, 13, 734.86, 342830, 470, 0, 0
506, 3, 236, 400, 20, 0, 0.72%, 0, 0, 13, 711.23, 346516, 470, 0, 0
511, 3, 367, 400, 20, 0, 0.72%, 0, 0, 13, 687.84, 350023, 470, 0, 0
516, 3, 395, 400, 20, 0, 0.72%, 0, 0, 13, 698.31, 353903, 470, 0, 0
521, 4, 99, 400, 19, 0, 0.72%, 0, 0, 13, 704.85, 357463, 470, 0, 0
527, 4, 305, 401, 19, 0, 0.72%, 0, 0, 13, 662.55, 360962, 470, 0, 0
532, 4, 222, 401, 18, 0, 0.72%, 0, 0, 13, 692.90, 364580, 470, 0, 0
537, 4, 202, 401, 17, 0, 0.72%, 0, 0, 13, 692.17, 368102, 470, 0, 0
542, 4, 387, 401, 17, 0, 0.72%, 0, 0, 13, 699.24, 371697, 470, 0, 0
547, 4, 160, 402, 18, 0, 0.72%, 0, 0, 13, 684.20, 375232, 470, 0, 0
552, 4, 380, 403, 17, 0, 0.72%, 0, 0, 13, 687.11, 378771, 470, 0, 0
558, 4, 401, 403, 17, 0, 0.72%, 0, 0, 13, 706.30, 382505, 470, 0, 0
563, 4, 36, 403, 17, 0, 0.72%, 0, 0, 13, 693.89, 386060, 470, 0, 0
568, 4, 220, 403, 16, 0, 0.72%, 0, 0, 13, 686.58, 389540, 470, 0, 0
573, 4, 339, 403, 16, 0, 0.72%, 0, 0, 13, 689.08, 392989, 470, 0, 0
578, 4, 395, 403, 16, 0, 0.72%, 0, 0, 13, 689.14, 396435, 470, 0, 0
583, 4, 339, 403, 16, 0, 0.72%, 0, 0, 13, 726.85, 400208, 470, 0, 0
588, 4, 80, 403, 15, 0, 0.72%, 0, 0, 13, 705.99, 403823, 470, 0, 0
593, 4, 341, 403, 14, 0, 0.72%, 0, 0, 13, 697.16, 407468, 470, 0, 0
598, 4, 354, 404, 15, 0, 0.72%, 0, 0, 13, 689.38, 410939, 470, 0, 0
604, 5, 278, 420, 30, 0, 0.72%, 0, 0, 13, 692.94, 414537, 470, 0, 0
609, 5, 278, 426, 36, 0, 0.72%, 0, 0, 13, 721.91, 418161, 470, 0, 0
614, 5, 278, 432, 42, 0, 0.72%, 0, 0, 13, 674.62, 421486, 470, 0, 0
619, 5, 278, 437, 47, 0, 0.72%, 0, 0, 13, 686.60, 424979, 470, 0, 0
624, 5, 413, 437, 47, 0, 0.72%, 0, 0, 13, 495.32, 426821, 470, 0, 0
629, 5, 403, 447, 56, 0, 0.72%, 0, 0, 13, 532.94, 429560, 470, 0, 0
634, 5, 403, 454, 63, 0, 0.72%, 0, 0, 13, 633.32, 432871, 470, 0, 0
639, 5, 403, 465, 74, 0, 0.72%, 0, 0, 13, 679.87, 436280, 470, 0, 0
644, 5, 424, 467, 74, 0, 0.72%, 0, 0, 13, 669.02, 439674, 470, 0, 0
649, 5, 424, 480, 87, 0, 0.72%, 0, 0, 13, 665.34, 442979, 470, 0, 0
654, 5, 424, 484, 91, 0, 0.72%, 0, 0, 13, 645.75, 446242, 470, 0, 0
659, 5, 424, 489, 96, 0, 0.72%, 0, 0, 13, 648.00, 449481, 470, 0, 0
664, 5, 424, 489, 96, 0, 0.72%, 0, 0, 13, 666.92, 452831, 470, 0, 0
669, 5, 419, 490, 95, 0, 0.72%, 0, 0, 13, 673.80, 456327, 470, 0, 0
674, 5, 457, 490, 94, 0, 0.72%, 0, 0, 13, 617.73, 459501, 470, 0, 0
679, 5, 457, 499, 103, 0, 0.72%, 0, 0, 14, 585.24, 462384, 470, 0, 0
685, 5, 457, 500, 104, 0, 0.72%, 0, 0, 14, 584.31, 465306, 470, 0, 0
690, 5, 457, 502, 106, 0, 0.72%, 0, 0, 14, 592.17, 468334, 470, 0, 0
695, 5, 391, 502, 104, 0, 0.72%, 0, 0, 14, 629.86, 471623, 470, 0, 0
700, 5, 490, 504, 106, 0, 0.72%, 0, 0, 15, 592.58, 474590, 470, 0, 0
705, 5, 490, 506, 108, 0, 0.72%, 0, 0, 15, 567.74, 477464, 470, 0, 0
710, 5, 490, 506, 108, 0, 0.72%, 0, 0, 15, 561.38, 480280, 470, 0, 0
715, 5, 490, 507, 109, 0, 0.72%, 0, 0, 15, 559.33, 483103, 470, 0, 0
720, 5, 490, 508, 110, 0, 0.72%, 0, 0, 15, 558.13, 485970, 470, 0, 0
725, 5, 435, 508, 109, 0, 0.72%, 0, 0, 15, 576.47, 489060, 470, 0, 0
730, 5, 468, 508, 105, 0, 0.72%, 0, 0, 15, 623.39, 492349, 470, 0, 0
736, 5, 495, 508, 104, 0, 0.72%, 0, 0, 15, 545.75, 495394, 470, 0, 0
741, 5, 495, 512, 108, 0, 0.72%, 0, 0, 15, 501.25, 497862, 470, 0, 0
746, 5, 495, 512, 108, 0, 0.72%, 0, 0, 15, 490.37, 500309, 470, 0, 0
751, 5, 495, 513, 109, 0, 0.72%, 0, 0, 15, 504.70, 502960, 470, 0, 0
756, 5, 495, 514, 110, 0, 0.72%, 0, 0, 15, 510.40, 505537, 470, 0, 0
761, 5, 495, 514, 110, 0, 0.72%, 0, 0, 15, 507.18, 508087, 470, 0, 0
767, 5, 473, 514, 106, 0, 0.72%, 0, 0, 15, 594.57, 511479, 470, 0, 0
772, 5, 471, 515, 105, 0, 0.72%, 0, 0, 15, 614.92, 514588, 470, 0, 0
777, 5, 505, 515, 103, 0, 0.72%, 0, 0, 15, 511.55, 517274, 470, 0, 0
782, 5, 513, 517, 103, 0, 0.72%, 0, 0, 16, 541.32, 519874, 470, 0, 0
788, 5, 513, 517, 103, 0, 0.72%, 0, 0, 16, 494.86, 522758, 470, 0, 0
793, 5, 507, 518, 102, 0, 0.72%, 0, 0, 16, 532.21, 525635, 470, 0, 0
798, 5, 507, 522, 106, 0, 0.72%, 0, 0, 16, 411.40, 527547, 470, 0, 0
803, 5, 507, 524, 108, 0, 0.72%, 0, 0, 16, 387.83, 529462, 470, 0, 0
808, 5, 507, 525, 109, 0, 0.72%, 0, 0, 16, 381.05, 531443, 470, 0, 0
813, 5, 507, 526, 110, 0, 0.72%, 0, 0, 16, 375.00, 533341, 470, 0, 0
819, 5, 500, 526, 109, 0, 0.72%, 0, 0, 16, 468.32, 535771, 470, 0, 0
824, 5, 476, 526, 107, 0, 0.72%, 0, 0, 16, 558.57, 538625, 470, 0, 0
829, 5, 430, 526, 106, 0, 0.72%, 0, 0, 16, 583.96, 541847, 470, 0, 0
834, 5, 494, 526, 102, 0, 0.72%, 0, 0, 16, 595.30, 545047, 470, 0, 0
839, 5, 459, 526, 100, 0, 0.72%, 0, 0, 16, 597.32, 547934, 470, 0, 0
845, 5, 445, 527, 99, 0, 0.72%, 0, 0, 16, 642.24, 551220, 470, 0, 0
850, 5, 525, 530, 100, 0, 0.72%, 0, 0, 16, 638.98, 554532, 471, 0, 0
855, 5, 525, 533, 103, 0, 0.72%, 0, 0, 17, 366.95, 556054, 471, 0, 0
860, 5, 525, 533, 103, 0, 0.72%, 0, 0, 17, 299.45, 557557, 471, 0, 0
865, 5, 531, 533, 102, 0, 0.72%, 0, 0, 17, 394.78, 559733, 471, 0, 0
871, 5, 531, 533, 102, 0, 0.72%, 0, 0, 17, 300.62, 561330, 471, 0, 0
876, 5, 531, 535, 104, 0, 0.72%, 0, 0, 18, 300.63, 562881, 471, 0, 0
881, 5, 531, 535, 104, 0, 0.72%, 0, 0, 18, 301.20, 564357, 471, 0, 0
887, 5, 531, 535, 104, 0, 0.72%, 0, 0, 18, 299.31, 565880, 471, 0, 0
892, 5, 533, 535, 103, 0, 0.72%, 0, 0, 18, 228.41, 567061, 471, 0, 0
897, 5, 533, 540, 108, 0, 0.72%, 0, 0, 19, 201.40, 568010, 471, 0, 0
902, 5, 533, 542, 110, 0, 0.72%, 0, 0, 19, 194.92, 569018, 471, 0, 0
907, 5, 533, 543, 111, 0, 0.72%, 0, 0, 19, 201.68, 570028, 471, 0, 0
912, 5, 533, 543, 111, 0, 0.72%, 0, 0, 19, 206.92, 571080, 471, 0, 0
917, 5, 533, 544, 112, 0, 0.72%, 0, 0, 19, 205.51, 572115, 471, 0, 0
922, 5, 533, 544, 112, 0, 0.72%, 0, 0, 19, 207.93, 573175, 471, 0, 0
927, 5, 533, 545, 113, 0, 0.72%, 0, 0, 19, 207.27, 574218, 471, 0, 0
932, 5, 533, 545, 113, 0, 0.72%, 0, 0, 19, 203.72, 575239, 471, 0, 0
937, 5, 533, 545, 113, 0, 0.72%, 0, 0, 19, 204.09, 576275, 471, 0, 0
942, 5, 533, 546, 114, 0, 0.72%, 0, 0, 19, 200.26, 577288, 471, 0, 0
948, 5, 497, 546, 111, 0, 0.72%, 0, 0, 19, 438.25, 580099, 471, 0, 0
953, 5, 497, 546, 111, 0, 0.72%, 0, 0, 19, 479.76, 582679, 471, 0, 0
958, 5, 431, 546, 108, 0, 0.72%, 0, 0, 19, 579.92, 586539, 471, 0, 0
964, 5, 537, 546, 107, 0, 0.72%, 0, 0, 19, 288.90, 587729, 471, 0, 0
969, 5, 537, 547, 108, 0, 0.72%, 0, 0, 20, 214.21, 588702, 471, 0, 0
974, 5, 539, 547, 107, 0, 0.72%, 0, 0, 20, 199.33, 589706, 471, 0, 0
979, 5, 421, 547, 106, 0, 0.72%, 0, 0, 20, 257.37, 590919, 471, 0, 0
984, 5, 511, 549, 106, 0, 0.72%, 0, 0, 20, 521.19, 594078, 471, 0, 0
989, 5, 511, 551, 108, 0, 0.72%, 0, 0, 20, 422.71, 596126, 471, 0, 0
994, 5, 439, 552, 108, 0, 0.72%, 0, 0, 20, 522.14, 599106, 471, 0, 0
1000, 5, 528, 555, 109, 0, 0.72%, 0, 0, 20, 571.89, 602194, 471, 0, 0
1005, 5, 474, 555, 108, 0, 0.72%, 0, 0, 20, 565.24, 605117, 471, 0, 0
1010, 5, 529, 555, 106, 0, 0.72%, 0, 0, 20, 599.65, 608279, 471, 0, 0
1015, 5, 541, 555, 105, 0, 0.72%, 0, 0, 20, 392.24, 610301, 471, 0, 0
1020, 5, 541, 555, 105, 0, 0.72%, 0, 0, 20, 213.11, 611103, 471, 0, 0
1025, 5, 541, 557, 107, 0, 0.72%, 0, 0, 20, 173.67, 611929, 471, 0, 0
1030, 5, 543, 559, 107, 0, 0.72%, 0, 0, 20, 443.93, 614264, 471, 0, 0
1035, 5, 543, 559, 107, 0, 0.72%, 0, 0, 20, 221.56, 615053, 471, 0, 0
1040, 5, 543, 559, 107, 0, 0.72%, 0, 0, 20, 181.84, 615845, 471, 0, 0
1045, 5, 546, 559, 106, 0, 0.72%, 0, 0, 20, 131.32, 616487, 471, 0, 0
1050, 5, 546, 559, 106, 0, 0.72%, 0, 0, 20, 118.21, 617061, 471, 0, 0
1056, 5, 542, 559, 105, 0, 0.72%, 0, 0, 20, 130.38, 617712, 471, 0, 0
1061, 5, 542, 559, 105, 0, 0.72%, 0, 0, 20, 160.93, 618586, 471, 0, 0
1066, 5, 542, 559, 105, 0, 0.72%, 0, 0, 20, 164.02, 619426, 471, 0, 0
1071, 5, 503, 560, 105, 0, 0.72%, 0, 0, 20, 203.98, 620387, 471, 0, 0
1076, 5, 503, 560, 105, 0, 0.72%, 0, 0, 20, 433.70, 623328, 471, 0, 0
1081, 5, 469, 561, 104, 0, 0.72%, 0, 0, 20, 520.05, 625831, 471, 0, 0
1086, 5, 521, 561, 103, 0, 0.72%, 0, 0, 20, 355.14, 627621, 471, 0, 0
1092, 5, 452, 561, 102, 0, 0.72%, 0, 0, 20, 466.03, 630610, 471, 0, 0
1097, 5, 559, 561, 100, 0, 0.72%, 0, 0, 20, 97.78, 632860, 471, 0, 0
1102, 5, 559, 561, 100, 0, 0.72%, 0, 0, 20, 93.80, 633341, 471, 0, 0
1108, 5, 559, 561, 100, 0, 0.72%, 0, 0, 20, 94.78, 633828, 471, 0, 0
1113, 5, 559, 561, 100, 0, 0.72%, 0, 0, 20, 96.81, 634324, 471, 0, 0
1119, 5, 559, 561, 100, 0, 0.72%, 0, 0, 20, 97.06, 634925, 471, 0, 0
1124, 5, 559, 563, 102, 0, 0.72%, 0, 0, 21, 96.99, 635420, 471, 0, 0
1129, 5, 545, 563, 101, 0, 0.72%, 0, 0, 21, 134.98, 636142, 471, 0, 0
1135, 5, 545, 563, 101, 0, 0.72%, 0, 0, 21, 147.47, 636999, 471, 0, 0
1140, 5, 549, 563, 100, 0, 0.72%, 0, 0, 21, 326.61, 638738, 471, 0, 0
1145, 5, 526, 564, 100, 0, 0.72%, 0, 0, 21, 372.04, 640646, 471, 0, 0
1151, 5, 484, 565, 100, 0, 0.72%, 0, 0, 21, 502.71, 643731, 471, 0, 0
1156, 5, 536, 567, 100, 0, 0.72%, 0, 0, 21, 388.11, 645953, 471, 0, 0
1162, 5, 536, 567, 100, 0, 0.72%, 0, 0, 21, 232.99, 647104, 471, 0, 0
1167, 5, 535, 567, 99, 0, 0.72%, 0, 0, 21, 214.78, 648247, 471, 0, 0
1173, 5, 481, 567, 98, 0, 0.72%, 0, 0, 21, 248.82, 649413, 471, 0, 0
1178, 5, 448, 567, 96, 0, 0.72%, 0, 0, 21, 554.85, 652604, 471, 0, 0
1184, 5, 464, 567, 95, 0, 0.72%, 0, 0, 21, 570.60, 656277, 471, 0, 0
1189, 5, 491, 567, 93, 0, 0.72%, 0, 0, 21, 599.73, 659309, 471, 0, 0
1194, 5, 558, 567, 92, 0, 0.72%, 0, 0, 21, 614.55, 662466, 471, 0, 0
1200, 5, 540, 568, 91, 0, 0.72%, 0, 0, 21, 507.45, 665120, 471, 0, 0
1205, 5, 540, 568, 91, 0, 0.72%, 0, 0, 21, 251.96, 666070, 471, 0, 0
1210, 5, 540, 568, 91, 0, 0.72%, 0, 0, 21, 216.85, 667032, 471, 0, 0
1215, 5, 472, 569, 90, 0, 0.72%, 0, 0, 21, 520.24, 669979, 471, 0, 0
1220, 5, 555, 569, 87, 0, 0.72%, 0, 0, 21, 101.77, 672890, 471, 0, 0
1225, 5, 555, 569, 87, 0, 0.72%, 0, 0, 21, 99.63, 673400, 471, 0, 0
1230, 5, 555, 569, 87, 0, 0.72%, 0, 0, 21, 99.27, 673907, 471, 0, 0
1235, 5, 555, 569, 87, 0, 0.72%, 0, 0, 21, 99.94, 674428, 471, 0, 0
1240, 5, 555, 569, 87, 0, 0.72%, 0, 0, 21, 99.93, 674933, 471, 0, 0
1245, 5, 475, 569, 85, 0, 0.72%, 0, 0, 21, 715.42, 678025, 471, 0, 0
1251, 5, 550, 569, 83, 0, 0.72%, 0, 0, 21, 475.42, 680393, 471, 0, 0
1256, 5, 550, 572, 86, 0, 0.72%, 0, 0, 21, 327.45, 681870, 471, 0, 0
1261, 5, 550, 573, 87, 0, 0.72%, 0, 0, 21, 295.57, 683319, 471, 0, 0
1266, 5, 550, 573, 87, 0, 0.72%, 0, 0, 21, 282.99, 684689, 471, 0, 0
1271, 5, 550, 573, 87, 0, 0.72%, 0, 0, 21, 276.01, 686069, 471, 0, 0
1276, 5, 569, 573, 86, 0, 0.72%, 0, 0, 21, 286.84, 687579, 471, 0, 0
1281, 5, 569, 573, 86, 0, 0.72%, 0, 0, 21, 281.54, 689028, 471, 0, 0
1287, 5, 537, 573, 85, 0, 0.72%, 0, 0, 21, 278.81, 690709, 471, 0, 0
1293, 5, 551, 573, 84, 0, 0.72%, 0, 0, 21, 523.79, 693417, 471, 0, 0
1298, 5, 572, 575, 84, 0, 0.72%, 0, 0, 21, 507.14, 696202, 471, 0, 0
1303, 5, 572, 575, 84, 0, 0.72%, 0, 0, 21, 272.41, 697262, 471, 0, 0
1308, 5, 572, 576, 85, 0, 0.72%, 0, 0, 21, 235.20, 698354, 471, 0, 0
1313, 5, 522, 577, 85, 0, 0.72%, 0, 0, 21, 249.05, 699613, 471, 0, 0
1318, 5, 493, 577, 84, 0, 0.72%, 0, 0, 21, 337.54, 701251, 471, 0, 0
1323, 5, 493, 577, 84, 0, 0.72%, 0, 0, 21, 428.93, 703714, 471, 0, 0
1328, 5, 562, 577, 83, 0, 0.72%, 0, 0, 21, 67.36, 704514, 471, 0, 0
1333, 5, 562, 577, 83, 0, 0.72%, 0, 0, 21, 61.59, 704822, 471, 0, 0
1339, 5, 562, 577, 83, 0, 0.72%, 0, 0, 21, 59.85, 705131, 471, 0, 0
1344, 5, 562, 577, 83, 0, 0.72%, 0, 0, 21, 60.78, 705435, 471, 0, 0
1350, 5, 562, 577, 83, 0, 0.72%, 0, 0, 21, 60.10, 705809, 471, 0, 0
1355, 5, 563, 577, 82, 0, 0.72%, 0, 0, 21, 468.85, 706870, 471, 0, 0
1360, 5, 209, 577, 81, 0, 0.72%, 0, 0, 21, 331.76, 708316, 471, 0, 0
1365, 5, 571, 577, 81, 0, 0.72%, 0, 0, 21, 211.89, 709236, 471, 0, 0
1371, 5, 571, 577, 81, 0, 0.72%, 0, 0, 21, 191.16, 710320, 471, 0, 0
1376, 5, 518, 577, 79, 0, 0.72%, 0, 0, 21, 338.33, 712251, 471, 0, 0
1381, 5, 520, 577, 78, 0, 0.72%, 0, 0, 21, 310.50, 713833, 471, 0, 0
1388, 5, 520, 577, 78, 0, 0.72%, 0, 0, 21, 284.21, 715659, 471, 0, 0
1393, 5, 519, 579, 77, 0, 0.72%, 0, 0, 21, 481.17, 718305, 471, 0, 0
1398, 5, 573, 579, 76, 0, 0.72%, 0, 0, 21, 448.31, 720352, 471, 0, 0
1403, 5, 573, 580, 77, 0, 0.72%, 0, 0, 21, 506.55, 723185, 471, 0, 0
1408, 5, 515, 580, 75, 0, 0.72%, 0, 0, 21, 421.52, 725509, 471, 0, 0
1413, 5, 480, 580, 74, 0, 0.72%, 0, 0, 21, 348.21, 727141, 471, 0, 0
1419, 5, 456, 581, 73, 0, 0.72%, 0, 0, 21, 546.21, 730235, 471, 0, 0
1424, 5, 418, 581, 73, 0, 0.72%, 0, 0, 21, 474.39, 732836, 471, 0, 0
1429, 5, 530, 581, 72, 0, 0.72%, 0, 0, 21, 322.52, 734334, 471, 0, 0
1434, 5, 568, 582, 71, 0, 0.72%, 0, 0, 21, 455.75, 736753, 471, 0, 0
1439, 5, 548, 582, 70, 0, 0.72%, 0, 0, 21, 448.91, 738967, 471, 0, 0
1444, 5, 461, 583, 70, 0, 0.72%, 0, 0, 21, 550.24, 741863, 471, 0, 0
1449, 5, 567, 583, 69, 0, 0.72%, 0, 0, 21, 508.57, 744395, 471, 0, 0
1454, 5, 544, 583, 67, 0, 0.72%, 0, 0, 21, 379.06, 746342, 471, 0, 0
1459, 5, 544, 583, 67, 0, 0.72%, 0, 0, 21, 199.81, 747128, 471, 0, 0
1465, 5, 544, 583, 67, 0, 0.72%, 0, 0, 21, 168.88, 747931, 471, 0, 0
1470, 5, 544, 583, 67, 0, 0.72%, 0, 0, 21, 162.67, 748760, 471, 0, 0
1475, 5, 523, 583, 66, 0, 0.72%, 0, 0, 21, 249.64, 750120, 471, 0, 0
1481, 5, 460, 583, 65, 0, 0.72%, 0, 0, 21, 452.77, 753529, 471, 0, 0
1486, 5, 487, 583, 63, 0, 0.72%, 0, 0, 21, 494.85, 756218, 471, 0, 0
1492, 5, 534, 583, 61, 0, 0.72%, 0, 0, 21, 309.98, 757813, 471, 0, 0
1497, 5, 534, 583, 61, 0, 0.72%, 0, 0, 21, 206.62, 758733, 471, 0, 0
1502, 5, 576, 583, 60, 0, 0.72%, 0, 0, 21, 178.59, 759626, 471, 0, 0
1507, 5, 576, 584, 61, 0, 0.72%, 0, 0, 21, 175.17, 760509, 471, 0, 0
1512, 5, 576, 586, 63, 0, 0.72%, 0, 0, 21, 174.54, 761390, 471, 0, 0
1517, 5, 584, 586, 61, 0, 0.72%, 0, 0, 21, 196.56, 762385, 471, 0, 0
1522, 5, 584, 586, 61, 0, 0.72%, 0, 0, 21, 146.82, 763085, 471, 0, 0
1529, 5, 584, 586, 61, 0, 0.72%, 0, 0, 21, 132.05, 763936, 471, 0, 0
1534, 5, 577, 586, 60, 0, 0.72%, 0, 0, 21, 317.19, 765431, 471, 0, 0
1539, 5, 570, 587, 60, 0, 0.72%, 0, 0, 21, 321.14, 767403, 471, 0, 0
1546, 5, 570, 587, 60, 0, 0.72%, 0, 0, 21, 229.87, 768737, 471, 0, 0
1551, 5, 483, 587, 58, 0, 0.72%, 0, 0, 21, 484.89, 771380, 471, 0, 0
1556, 5, 582, 587, 57, 0, 0.72%, 0, 0, 21, 497.01, 774062, 471, 0, 0
1561, 5, 459, 587, 56, 0, 0.72%, 0, 0, 21, 519.41, 776845, 471, 0, 0
1567, 5, 556, 589, 57, 0, 0.72%, 0, 0, 21, 98.79, 779008, 471, 0, 0
1572, 5, 556, 589, 57, 0, 0.72%, 0, 0, 21, 94.49, 779489, 471, 0, 0
1577, 5, 556, 589, 57, 0, 0.72%, 0, 0, 21, 95.11, 779980, 471, 0, 0
1582, 5, 556, 589, 57, 0, 0.72%, 0, 0, 21, 93.74, 780458, 471, 0, 0
1587, 5, 556, 589, 57, 0, 0.72%, 0, 0, 21, 89.15, 780915, 471, 0, 0
1592, 5, 527, 589, 56, 0, 0.72%, 0, 0, 21, 540.92, 782278, 471, 0, 0
1597, 5, 553, 589, 56, 0, 0.72%, 0, 0, 21, 515.79, 785034, 471, 0, 0
1603, 5, 486, 589, 55, 0, 0.72%, 0, 0, 21, 548.18, 788163, 471, 0, 0
1608, 5, 510, 589, 53, 0, 0.72%, 0, 0, 21, 462.32, 790619, 471, 0, 0
1613, 5, 524, 589, 52, 0, 0.72%, 0, 0, 21, 318.26, 792166, 471, 0, 0
1618, 5, 527, 589, 51, 0, 0.72%, 0, 0, 21, 333.99, 793583, 471, 0, 0
1623, 5, 492, 589, 51, 0, 0.72%, 0, 0, 21, 434.12, 796093, 471, 0, 0
1628, 5, 512, 589, 50, 0, 0.72%, 0, 0, 21, 475.41, 798650, 471, 0, 0
1633, 5, 582, 590, 49, 0, 0.72%, 0, 0, 21, 454.39, 801125, 471, 0, 0
1639, 5, 585, 591, 50, 0, 0.72%, 0, 0, 21, 244.23, 802278, 471, 0, 0
1644, 5, 585, 591, 50, 0, 0.72%, 0, 0, 21, 159.26, 802965, 471, 0, 0
1649, 5, 585, 592, 51, 0, 0.72%, 0, 0, 21, 144.61, 803653, 471, 0, 0
1654, 5, 580, 592, 50, 0, 0.72%, 0, 0, 21, 380.26, 805510, 471, 0, 0
1659, 5, 545, 592, 46, 0, 0.72%, 0, 0, 21, 437.82, 808117, 471, 0, 0
1664, 5, 583, 592, 46, 0, 0.72%, 0, 0, 21, 282.19, 809612, 471, 0, 0
1669, 5, 583, 592, 46, 0, 0.72%, 0, 0, 21, 186.67, 810440, 471, 0, 0
1674, 5, 532, 592, 45, 0, 0.72%, 0, 0, 21, 174.80, 811275, 471, 0, 0
1680, 5, 532, 592, 45, 0, 0.72%, 0, 0, 21, 235.70, 812577, 471, 0, 0
1685, 5, 532, 592, 45, 0, 0.72%, 0, 0, 21, 243.58, 813844, 471, 0, 0
1690, 5, 586, 592, 44, 0, 0.72%, 0, 0, 21, 527.46, 816860, 471, 0, 0
1695, 5, 564, 592, 43, 0, 0.72%, 0, 0, 21, 440.37, 818932, 471, 0, 0
1700, 5, 455, 592, 42, 0, 0.72%, 0, 0, 21, 419.71, 821278, 471, 0, 0
1705, 5, 455, 592, 42, 0, 0.72%, 0, 0, 21, 310.61, 822501, 471, 0, 0
1710, 5, 432, 592, 39, 0, 0.72%, 0, 0, 21, 530.74, 825525, 471, 0, 0
1715, 5, 205, 592, 38, 0, 0.72%, 0, 0, 21, 536.92, 827833, 471, 0, 0
1721, 5, 372, 593, 38, 0, 0.72%, 0, 0, 21, 565.94, 831022, 471, 0, 0
1726, 5, 509, 593, 38, 0, 0.72%, 0, 0, 21, 522.79, 833872, 471, 0, 0
1731, 5, 433, 593, 37, 0, 0.72%, 0, 0, 21, 490.56, 836081, 471, 0, 0
1736, 5, 341, 594, 36, 0, 0.72%, 0, 0, 21, 541.03, 839004, 471, 0, 0
1741, 5, 566, 595, 36, 0, 0.72%, 0, 0, 21, 575.30, 842109, 471, 0, 0
1746, 5, 420, 597, 37, 0, 0.72%, 0, 0, 21, 643.46, 845378, 471, 0, 0
1752, 5, 595, 597, 37, 0, 0.72%, 0, 0, 21, 564.50, 848697, 471, 0, 0
1757, 5, 594, 597, 35, 0, 0.72%, 0, 0, 21, 584.72, 851615, 471, 0, 0
1762, 5, 561, 597, 34, 0, 0.72%, 0, 0, 21, 95.16, 853797, 471, 0, 0
1768, 5, 561, 597, 34, 0, 0.72%, 0, 0, 21, 95.36, 854284, 471, 0, 0
1773, 5, 561, 597, 34, 0, 0.72%, 0, 0, 21, 96.75, 854782, 471, 0, 0
1778, 5, 561, 597, 34, 0, 0.72%, 0, 0, 21, 96.90, 855281, 471, 0, 0
1783, 5, 561, 597, 34, 0, 0.72%, 0, 0, 21, 97.79, 855813, 471, 0, 0
1788, 5, 589, 599, 34, 0, 0.72%, 0, 0, 21, 657.50, 858547, 471, 0, 0
1794, 5, 590, 600, 34, 0, 0.72%, 0, 0, 21, 550.58, 861585, 471, 0, 0
1799, 5, 517, 601, 34, 0, 0.72%, 0, 0, 21, 456.66, 863756, 471, 0, 0
1805, 5, 598, 601, 33, 0, 0.72%, 0, 0, 21, 530.64, 867138, 471, 0, 0
1810, 5, 591, 601, 32, 0, 0.72%, 0, 0, 21, 277.18, 868463, 471, 0, 0
1815, 5, 591, 601, 32, 0, 0.72%, 0, 0, 21, 165.46, 869153, 471, 0, 0
1820, 5, 591, 601, 32, 0, 0.72%, 0, 0, 21, 141.60, 869836, 471, 0, 0
1825, 5, 575, 601, 31, 0, 0.72%, 0, 0, 21, 207.82, 871061, 471, 0, 0
1830, 5, 418, 601, 30, 0, 0.72%, 0, 0, 21, 370.90, 872762, 471, 0, 0
1835, 5, 538, 601, 30, 0, 0.72%, 0, 0, 21, 253.34, 873997, 471, 0, 0
1840, 5, 597, 602, 30, 0, 0.72%, 0, 0, 21, 433.38, 876026, 471, 0, 0
1846, 5, 592, 603, 29, 0, 0.72%, 0, 0, 21, 494.86, 878826, 471, 0, 0
1851, 5, 447, 604, 29, 0, 0.72%, 0, 0, 21, 529.39, 881514, 471, 0, 0
1856, 5, 552, 604, 28, 0, 0.72%, 0, 0, 21, 521.01, 884281, 471, 0, 0
1861, 5, 508, 604, 27, 0, 0.72%, 0, 0, 21, 441.49, 886327, 471, 0, 0
1866, 5, 508, 604, 27, 0, 0.72%, 0, 0, 21, 434.71, 888566, 471, 0, 0
1871, 5, 454, 604, 26, 0, 0.72%, 0, 0, 21, 619.80, 891946, 471, 0, 0
1876, 5, 570, 604, 24, 0, 0.72%, 0, 0, 21, 371.77, 893762, 471, 0, 0
1882, 5, 601, 604, 24, 0, 0.72%, 0, 0, 21, 498.73, 896335, 471, 0, 0
1887, 5, 451, 604, 23, 0, 0.72%, 0, 0, 21, 453.32, 898850, 471, 0, 0
1892, 5, 499, 604, 23, 0, 0.72%, 0, 0, 21, 435.42, 900885, 471, 0, 0
1897, 5, 562, 605, 22, 0, 0.72%, 0, 0, 21, 63.93, 903085, 471, 0, 0
1902, 5, 579, 605, 22, 0, 0.72%, 0, 0, 21, 572.17, 905595, 471, 0, 0
1907, 5, 579, 605, 22, 0, 0.72%, 0, 0, 21, 519.19, 908115, 471, 0, 0
1912, 5, 605, 606, 22, 0, 0.72%, 0, 0, 21, 405.67, 910098, 471, 0, 0
1917, 5, 605, 607, 23, 0, 0.72%, 0, 0, 21, 382.31, 911988, 471, 0, 0
1922, 5, 605, 607, 23, 0, 0.72%, 0, 0, 21, 381.56, 913921, 471, 0, 0
1928, 5, 606, 607, 22, 0, 0.72%, 0, 0, 21, 495.39, 916817, 471, 0, 0
1935, 5, 606, 607, 22, 0, 0.72%, 0, 0, 21, 324.47, 918818, 471, 0, 0
1940, 5, 503, 607, 21, 0, 0.72%, 0, 0, 21, 368.57, 920513, 471, 0, 0
1945, 6, 533, 608, 21, 0, 0.72%, 0, 0, 21, 554.27, 923618, 471, 0, 0
1950, 6, 603, 608, 21, 0, 0.72%, 0, 0, 21, 430.08, 925531, 471, 0, 0
1955, 6, 583, 609, 21, 0, 0.72%, 0, 0, 21, 481.55, 927845, 471, 0, 0
1960, 6, 534, 609, 21, 0, 0.72%, 0, 0, 21, 299.94, 929191, 471, 0, 0
1965, 6, 550, 610, 20, 0, 0.72%, 0, 0, 21, 542.09, 932509, 471, 0, 0
1971, 6, 608, 610, 20, 0, 0.72%, 0, 0, 21, 314.84, 933883, 471, 0, 0
1976, 6, 608, 610, 20, 0, 0.72%, 0, 0, 21, 272.10, 935154, 471, 0, 0
1981, 6, 528, 612, 20, 0, 0.72%, 0, 0, 21, 441.62, 937257, 471, 0, 0
1986, 6, 81, 613, 20, 0, 0.72%, 0, 0, 21, 593.94, 940375, 471, 0, 0
1992, 6, 588, 613, 20, 0, 0.72%, 0, 0, 21, 465.77, 943218, 471, 0, 0
1998, 6, 610, 613, 19, 0, 0.72%, 0, 0, 21, 255.84, 944313, 471, 0, 0
2003, 6, 604, 613, 18, 0, 0.72%, 0, 0, 21, 275.66, 945518, 471, 0, 0
2008, 6, 609, 613, 18, 0, 0.72%, 0, 0, 21, 572.39, 948889, 471, 0, 0
2013, 6, 511, 614, 18, 0, 0.72%, 0, 0, 21, 586.09, 952045, 471, 0, 0
2018, 6, 496, 614, 17, 0, 0.72%, 0, 0, 21, 521.31, 954606, 471, 0, 0
2023, 6, 429, 614, 15, 0, 0.72%, 0, 0, 21, 546.47, 957435, 471, 0, 0
2030, 6, 612, 614, 14, 0, 0.72%, 0, 0, 21, 551.09, 961149, 471, 0, 0
2035, 6, 615, 616, 14, 0, 0.72%, 0, 0, 21, 543.27, 963732, 471, 0, 0
2040, 6, 611, 617, 14, 0, 0.72%, 0, 0, 21, 572.64, 966624, 471, 0, 0
2045, 6, 600, 617, 13, 0, 0.72%, 0, 0, 21, 426.74, 968814, 471, 0, 0
2050, 6, 461, 618, 13, 0, 0.72%, 0, 0, 21, 519.43, 971419, 471, 0, 0
2055, 6, 616, 619, 14, 0, 0.72%, 0, 0, 21, 603.80, 974809, 471, 0, 0
2060, 6, 36, 619, 13, 0, 0.72%, 0, 0, 21, 638.57, 978189, 471, 0, 0
2066, 6, 359, 619, 12, 0, 0.72%, 0, 0, 21, 553.92, 980806, 471, 0, 0
2071, 6, 619, 621, 14, 0, 0.72%, 0, 0, 21, 553.68, 983649, 471, 0, 0
2077, 6, 600, 621, 13, 0, 0.72%, 0, 0, 21, 619.21, 987468, 471, 0, 0
2083, 6, 243, 621, 13, 0, 0.72%, 0, 0, 21, 609.63, 990192, 471, 0, 0
2088, 6, 283, 621, 12, 0, 0.72%, 0, 0, 21, 645.52, 993461, 471, 0, 0
2093, 6, 584, 621, 12, 0, 0.72%, 0, 0, 21, 559.93, 996415, 471, 0, 0
2099, 6, 477, 621, 12, 0, 0.72%, 0, 0, 21, 658.21, 999418, 471, 0, 0
2104, 6, 617, 621, 12, 0, 0.72%, 0, 0, 21, 367.55, 1001034, 471, 0, 0
2109, 6, 62, 621, 11, 0, 0.72%, 0, 0, 21, 602.26, 1004244, 471, 0, 0
2114, 6, 544, 621, 10, 0, 0.72%, 0, 0, 21, 531.04, 1007027, 471, 0, 0
2120, 6, 506, 621, 10, 0, 0.72%, 0, 0, 21, 437.29, 1009648, 471, 0, 0
2125, 6, 621, 623, 12, 0, 0.72%, 0, 0, 21, 547.46, 1012617, 471, 0, 0
2131, 6, 621, 623, 12, 0, 0.72%, 0, 0, 21, 542.12, 1015357, 471, 0, 0
2136, 6, 458, 623, 10, 0, 0.72%, 0, 0, 21, 621.28, 1018645, 471, 0, 0
2141, 6, 527, 623, 9, 0, 0.72%, 0, 0, 21, 552.65, 1021171, 471, 0, 0
2146, 6, 536, 623, 9, 0, 0.72%, 0, 0, 21, 496.80, 1023907, 471, 0, 0
2151, 6, 532, 623, 9, 0, 0.72%, 0, 0, 21, 519.51, 1026272, 471, 0, 0
2156, 6, 494, 623, 9, 0, 0.72%, 0, 0, 21, 526.89, 1028992, 471, 0, 0
2161, 6, 474, 624, 10, 0, 0.72%, 0, 0, 21, 583.35, 1032178, 471, 0, 0
2166, 6, 430, 624, 10, 0, 0.72%, 0, 0, 21, 594.18, 1035022, 471, 0, 0
2171, 6, 498, 624, 10, 0, 0.72%, 0, 0, 21, 504.02, 1037292, 471, 0, 0
2178, 6, 453, 625, 10, 0, 0.72%, 0, 0, 21, 583.64, 1041271, 471, 0, 0
2183, 6, 554, 625, 10, 0, 0.72%, 0, 0, 21, 511.29, 1043741, 471, 0, 0
2188, 6, 502, 625, 9, 0, 0.72%, 0, 0, 21, 502.28, 1046227, 471, 0, 0
2193, 6, 341, 625, 8, 0, 0.72%, 0, 0, 21, 541.07, 1048902, 471, 0, 0
2199, 6, 501, 625, 8, 0, 0.72%, 0, 0, 21, 634.79, 1052612, 471, 0, 0
2204, 6, 624, 625, 8, 0, 0.72%, 0, 0, 21, 469.94, 1054850, 471, 0, 0
2209, 6, 143, 625, 6, 0, 0.72%, 0, 0, 21, 569.02, 1057698, 471, 0, 0
2214, 6, 176, 625, 6, 0, 0.72%, 0, 0, 21, 741.30, 1059813, 471, 0, 0
2219, 6, 572, 625, 6, 0, 0.72%, 0, 0, 21, 625.78, 1062503, 471, 0, 0
2225, 6, 403, 625, 6, 0, 0.72%, 0, 0, 21, 453.11, 1064915, 471, 0, 0
2230, 6, 174, 625, 6, 0, 0.72%, 0, 0, 21, 574.89, 1067899, 471, 0, 0
2235, 6, 614, 625, 6, 0, 0.72%, 0, 0, 21, 546.27, 1070677, 471, 0, 0
2240, 6, 626, 627, 7, 0, 0.72%, 0, 0, 21, 502.72, 1073131, 471, 0, 0
2246, 6, 626, 627, 7, 0, 0.72%, 0, 0, 21, 393.44, 1075363, 471, 0, 0
2251, 6, 576, 628, 7, 0, 0.72%, 0, 0, 21, 358.45, 1077233, 471, 0, 0
2257, 6, 623, 629, 8, 0, 0.72%, 0, 0, 21, 545.91, 1080217, 471, 0, 0
2262, 6, 261, 631, 9, 0, 0.72%, 0, 0, 21, 540.70, 1082952, 471, 0, 0
2267, 6, 622, 631, 9, 0, 0.72%, 0, 0, 21, 498.79, 1085542, 471, 0, 0
2272, 6, 630, 631, 8, 0, 0.72%, 0, 0, 21, 574.69, 1087937, 471, 0, 0
2277, 6, 627, 631, 7, 0, 0.72%, 0, 0, 21, 468.18, 1090247, 471, 0, 0
2282, 6, 527, 631, 6, 0, 0.72%, 0, 0, 21, 467.57, 1092354, 471, 0, 0
2287, 6, 555, 631, 6, 0, 0.72%, 0, 0, 21, 105.77, 1095536, 471, 0, 0
2292, 6, 628, 631, 5, 0, 0.72%, 0, 0, 21, 452.11, 1097943, 471, 0, 0
2298, 6, 596, 634, 7, 0, 0.72%, 0, 0, 21, 468.26, 1100505, 471, 0, 0
2303, 6, 93, 634, 6, 0, 0.72%, 0, 0, 21, 642.96, 1104009, 471, 0, 0
2308, 6, 600, 634, 6, 0, 0.72%, 0, 0, 21, 536.17, 1107063, 471, 0, 0
2313, 7, 527, 635, 6, 0, 0.72%, 0, 0, 21, 550.57, 1109902, 471, 0, 0
2318, 7, 634, 636, 7, 0, 0.72%, 0, 0, 21, 648.33, 1113321, 471, 0, 0
2323, 7, 527, 636, 5, 0, 0.72%, 0, 0, 21, 623.61, 1116493, 471, 0, 0
2328, 7, 527, 636, 5, 0, 0.72%, 0, 0, 21, 563.68, 1119320, 471, 0, 0
2333, 7, 258, 636, 5, 0, 0.72%, 0, 0, 21, 610.36, 1122426, 471, 0, 0
2338, 7, 633, 637, 6, 0, 0.72%, 0, 0, 21, 427.18, 1124513, 471, 0, 0
2344, 7, 570, 640, 8, 0, 0.72%, 0, 0, 21, 442.86, 1126760, 471, 0, 0
2349, 7, 580, 641, 9, 0, 0.72%, 0, 0, 21, 594.34, 1130443, 471, 0, 0
2355, 7, 632, 641, 9, 0, 0.72%, 0, 0, 21, 422.69, 1132516, 471, 0, 0
2360, 7, 203, 641, 8, 0, 0.72%, 0, 0, 21, 531.63, 1135151, 471, 0, 0
2365, 7, 305, 641, 8, 0, 0.72%, 0, 0, 21, 614.08, 1138287, 471, 0, 0
2370, 7, 556, 641, 8, 0, 0.72%, 0, 0, 21, 98.64, 1141086, 471, 0, 0
2375, 7, 562, 641, 8, 0, 0.72%, 0, 0, 21, 174.59, 1142248, 471, 0, 0
2380, 7, 637, 641, 8, 0, 0.72%, 0, 0, 21, 437.21, 1143714, 471, 0, 0
2385, 7, 637, 642, 9, 0, 0.72%, 0, 0, 21, 329.57, 1145238, 471, 0, 0
2391, 7, 629, 642, 8, 0, 0.72%, 0, 0, 21, 446.49, 1148154, 471, 0, 0
2396, 7, 639, 642, 7, 0, 0.72%, 0, 0, 21, 576.59, 1151327, 471, 0, 0
2400, 7, 550, 643, 7, 0, 0.72%, 0, 0, 21, 533.01, 1152919, 471, 0, 0
