# relative_time, cycles_done, cur_item, corpus_count, pending_total, pending_favs, map_size, saved_crashes, saved_hangs, max_depth, execs_per_sec, total_execs, edges_found, total_crashes, servers_count
60, 0, 1, 105, 103, 39, 5.85%, 2, 1, 2, 275.40, 14641, 977, 212, 0
65, 0, 4, 119, 116, 40, 6.03%, 2, 1, 3, 302.81, 16186, 1007, 223, 0
70, 0, 4, 128, 125, 40, 6.08%, 2, 1, 3, 305.32, 17737, 1015, 223, 0
76, 0, 4, 132, 129, 40, 6.09%, 2, 1, 3, 308.29, 19295, 1017, 223, 0
81, 0, 4, 136, 133, 40, 6.09%, 2, 1, 3, 309.37, 20871, 1017, 223, 0
86, 0, 4, 138, 135, 40, 6.09%, 2, 1, 3, 311.96, 22439, 1017, 223, 0
91, 0, 4, 140, 137, 40, 6.09%, 2, 1, 3, 312.83, 24013, 1017, 223, 0
96, 0, 4, 141, 138, 40, 6.10%, 2, 1, 3, 312.17, 25592, 1018, 223, 0
101, 0, 4, 142, 139, 40, 6.11%, 2, 1, 3, 307.89, 27147, 1021, 223, 0
106, 0, 15, 143, 138, 53, 6.11%, 2, 1, 3, 44.00, 28409, 1021, 223, 0
111, 0, 17, 146, 139, 51, 6.32%, 2, 1, 3, 279.48, 29624, 1056, 223, 0
116, 0, 18, 155, 147, 50, 6.32%, 2, 1, 3, 267.89, 30952, 1056, 223, 0
121, 0, 18, 157, 149, 50, 6.32%, 2, 1, 3, 274.46, 32326, 1056, 223, 0
126, 0, 18, 157, 149, 50, 6.32%, 2, 1, 3, 270.83, 33686, 1056, 223, 0
131, 0, 18, 159, 151, 50, 6.33%, 2, 1, 3, 269.74, 35046, 1057, 223, 0
136, 0, 18, 162, 154, 50, 6.33%, 2, 1, 3, 272.91, 36407, 1057, 223, 0
141, 0, 18, 164, 156, 50, 6.34%, 2, 1, 3, 272.54, 37766, 1059, 223, 0
146, 0, 18, 166, 158, 50, 6.35%, 2, 1, 3, 271.44, 39140, 1060, 223, 0
151, 0, 18, 167, 159, 50, 6.36%, 2, 1, 3, 273.67, 40512, 1062, 223, 0
156, 0, 18, 168, 160, 50, 6.38%, 2, 1, 3, 266.90, 41844, 1065, 223, 0
161, 0, 25, 168, 157, 51, 6.38%, 2, 1, 3, 270.47, 43264, 1065, 223, 0
166, 0, 128, 176, 163, 49, 6.73%, 2, 1, 4, 298.46, 44779, 1124, 223, 0
171, 0, 128, 182, 169, 49, 6.73%, 2, 1, 4, 303.63, 46301, 1124, 223, 0
176, 0, 128, 187, 174, 49, 6.74%, 2, 1, 4, 305.11, 47854, 1125, 223, 0
182, 0, 128, 195, 182, 49, 6.91%, 2, 1, 4, 307.88, 49428, 1154, 223, 0
187, 0, 128, 199, 186, 49, 6.94%, 2, 1, 4, 306.54, 50980, 1159, 223, 0
192, 0, 128, 200, 187, 49, 6.94%, 2, 1, 4, 310.02, 52547, 1159, 223, 0
197, 0, 128, 202, 189, 49, 6.94%, 2, 1, 4, 311.09, 54115, 1159, 223, 0
202, 0, 128, 205, 192, 49, 6.94%, 2, 1, 4, 307.99, 55666, 1159, 223, 0
207, 0, 44, 206, 188, 52, 6.94%, 2, 1, 4, 303.55, 57301, 1159, 223, 0
212, 0, 51, 209, 190, 51, 6.94%, 2, 1, 4, 244.89, 58164, 1159, 223, 0
217, 0, 51, 219, 200, 51, 7.07%, 2, 1, 4, 269.44, 59578, 1181, 223, 0
222, 0, 51, 222, 203, 51, 7.12%, 2, 1, 4, 275.41, 60974, 1189, 223, 0
227, 0, 51, 225, 206, 51, 7.12%, 2, 1, 4, 278.90, 62390, 1189, 223, 0
232, 0, 51, 228, 209, 51, 7.12%, 2, 1, 4, 273.25, 63751, 1189, 223, 0
238, 0, 51, 229, 210, 51, 7.12%, 2, 1, 4, 274.11, 65159, 1189, 223, 0
243, 0, 51, 232, 213, 51, 7.12%, 2, 1, 4, 274.33, 66585, 1189, 223, 0
248, 0, 51, 232, 213, 51, 7.12%, 2, 1, 4, 264.58, 67910, 1189, 223, 0
253, 0, 51, 232, 213, 51, 7.12%, 2, 1, 4, 271.57, 69345, 1189, 223, 0
258, 0, 51, 233, 214, 51, 7.12%, 2, 1, 4, 274.60, 70757, 1189, 223, 0
264, 0, 51, 233, 214, 51, 7.12%, 2, 1, 4, 273.49, 72212, 1189, 223, 0
269, 0, 51, 235, 216, 51, 7.14%, 2, 1, 4, 268.18, 73606, 1193, 223, 0
274, 0, 51, 238, 219, 51, 7.16%, 2, 1, 4, 278.51, 75022, 1195, 223, 0
279, 0, 51, 238, 219, 51, 7.16%, 2, 1, 4, 274.17, 76452, 1195, 223, 0
284, 0, 51, 238, 219, 51, 7.16%, 2, 1, 4, 278.25, 77862, 1195, 223, 0
289, 0, 51, 239, 220, 51, 7.16%, 2, 1, 4, 275.52, 79254, 1195, 223, 0
294, 0, 51, 239, 220, 51, 7.16%, 2, 1, 4, 277.31, 80644, 1195, 223, 0
299, 0, 51, 239, 220, 51, 7.16%, 2, 1, 4, 269.71, 82004, 1195, 223, 0
304, 0, 51, 240, 221, 51, 7.16%, 2, 1, 4, 315.65, 83664, 1195, 223, 0
309, 0, 51, 242, 223, 51, 7.16%, 2, 1, 4, 324.70, 85358, 1195, 223, 0
314, 0, 51, 242, 223, 51, 7.16%, 2, 1, 4, 312.67, 86930, 1195, 223, 0
319, 0, 51, 242, 223, 51, 7.16%, 2, 1, 4, 326.46, 88586, 1195, 223, 0
324, 0, 51, 245, 226, 51, 7.16%, 2, 1, 4, 315.85, 90185, 1196, 223, 0
330, 0, 51, 245, 226, 51, 7.16%, 2, 1, 4, 312.26, 91764, 1196, 223, 0
335, 0, 51, 245, 226, 51, 7.16%, 2, 1, 4, 332.43, 93480, 1196, 223, 0
340, 0, 51, 246, 227, 51, 7.18%, 2, 1, 4, 331.27, 95137, 1199, 223, 0
345, 0, 57, 246, 225, 55, 7.18%, 2, 1, 4, 333.24, 97014, 1199, 223, 0
350, 0, 70, 252, 227, 51, 7.18%, 2, 1, 4, 353.31, 98840, 1199, 223, 0
355, 0, 70, 256, 231, 51, 7.20%, 2, 1, 4, 367.98, 100695, 1202, 223, 0
361, 0, 70, 258, 233, 51, 7.22%, 2, 1, 4, 367.40, 102606, 1206, 223, 0
366, 0, 70, 260, 235, 51, 7.22%, 2, 1, 4, 368.78, 104524, 1206, 223, 0
371, 0, 70, 261, 236, 51, 7.22%, 2, 1, 4, 367.76, 106435, 1206, 223, 0
376, 0, 70, 263, 238, 51, 7.31%, 2, 1, 4, 372.23, 108369, 1221, 223, 0
381, 0, 70, 263, 238, 51, 7.31%, 2, 1, 4, 362.33, 110187, 1221, 223, 0
386, 0, 262, 273, 244, 52, 7.33%, 2, 1, 4, 366.13, 112024, 1224, 223, 0
391, 0, 262, 286, 257, 52, 7.42%, 2, 1, 4, 363.84, 113851, 1239, 223, 0
396, 0, 262, 291, 262, 52, 7.43%, 2, 1, 4, 364.08, 115685, 1241, 223, 0
401, 0, 262, 293, 264, 52, 7.43%, 2, 1, 4, 362.59, 117512, 1241, 223, 0
407, 0, 262, 295, 266, 52, 7.44%, 2, 1, 4, 371.34, 119451, 1243, 223, 0
412, 0, 262, 297, 268, 52, 7.44%, 2, 1, 4, 373.20, 121383, 1243, 223, 0
417, 0, 252, 303, 271, 58, 7.44%, 2, 1, 4, 349.08, 123079, 1243, 223, 0
422, 0, 252, 310, 278, 58, 7.44%, 2, 1, 4, 347.99, 124844, 1243, 223, 0
427, 0, 252, 314, 282, 58, 7.44%, 2, 2, 4, 378.89, 126262, 1243, 223, 0
432, 0, 252, 318, 286, 58, 7.46%, 2, 2, 4, 346.44, 127943, 1245, 223, 0
437, 0, 252, 319, 287, 58, 7.46%, 2, 2, 4, 345.58, 129702, 1245, 223, 0
442, 0, 252, 319, 287, 58, 7.46%, 2, 2, 4, 347.67, 131454, 1245, 223, 0
447, 0, 286, 322, 286, 54, 7.48%, 2, 2, 4, 359.05, 133287, 1249, 223, 0
452, 0, 293, 331, 293, 52, 7.48%, 2, 2, 5, 369.54, 135177, 1249, 223, 0
458, 0, 293, 333, 295, 52, 7.48%, 2, 2, 5, 374.72, 137116, 1249, 223, 0
463, 0, 293, 337, 299, 52, 7.48%, 2, 2, 5, 369.78, 139027, 1249, 223, 0
468, 0, 293, 338, 300, 52, 7.48%, 2, 2, 5, 373.67, 140952, 1249, 223, 0
473, 0, 293, 339, 301, 52, 7.48%, 2, 2, 5, 360.16, 142773, 1249, 223, 0
478, 0, 313, 343, 297, 47, 7.71%, 2, 2, 5, 338.06, 144412, 1288, 223, 0
483, 0, 313, 350, 304, 47, 7.71%, 2, 2, 5, 328.93, 146033, 1288, 223, 0
488, 0, 313, 352, 306, 47, 7.73%, 2, 2, 5, 340.22, 147727, 1291, 223, 0
493, 0, 313, 352, 306, 47, 7.73%, 2, 2, 5, 347.34, 149479, 1291, 223, 0
498, 0, 313, 354, 308, 47, 7.77%, 2, 3, 5, 336.48, 150790, 1297, 223, 0
503, 0, 313, 354, 308, 47, 7.77%, 2, 3, 5, 334.67, 152477, 1297, 223, 0
508, 0, 313, 354, 308, 47, 7.77%, 2, 3, 5, 324.36, 154085, 1297, 223, 0
513, 0, 354, 387, 337, 47, 8.09%, 2, 3, 5, 358.18, 155904, 1351, 223, 0
518, 0, 354, 391, 341, 47, 8.11%, 2, 3, 5, 370.44, 157815, 1354, 223, 0
523, 0, 354, 392, 342, 47, 8.11%, 2, 3, 5, 371.38, 159663, 1354, 223, 0
529, 0, 354, 392, 342, 47, 8.11%, 2, 3, 5, 377.54, 161630, 1354, 223, 0
534, 0, 354, 394, 344, 47, 8.11%, 2, 3, 5, 376.75, 163590, 1354, 223, 0
539, 0, 354, 395, 345, 47, 8.11%, 2, 3, 5, 375.51, 165529, 1354, 223, 0
544, 0, 354, 395, 345, 47, 8.11%, 2, 3, 5, 377.23, 167489, 1354, 223, 0
549, 0, 264, 401, 349, 56, 8.11%, 2, 3, 5, 355.90, 169242, 1354, 223, 0
554, 0, 264, 402, 350, 56, 8.11%, 2, 3, 5, 349.89, 170980, 1354, 223, 0
559, 0, 264, 402, 350, 56, 8.11%, 2, 3, 5, 349.95, 172723, 1354, 223, 0
564, 0, 264, 402, 350, 56, 8.11%, 2, 3, 5, 333.97, 174401, 1354, 223, 0
569, 0, 264, 402, 350, 56, 8.11%, 2, 3, 5, 342.41, 176141, 1354, 223, 0
575, 0, 319, 402, 345, 51, 8.11%, 2, 3, 5, 348.35, 178114, 1354, 223, 0
580, 0, 195, 406, 348, 50, 8.29%, 2, 4, 5, 358.56, 179559, 1384, 223, 0
585, 0, 195, 411, 353, 50, 8.31%, 2, 4, 5, 367.76, 181400, 1387, 223, 0
590, 0, 195, 414, 356, 50, 8.31%, 2, 4, 5, 366.60, 183290, 1387, 223, 0
595, 0, 195, 415, 357, 50, 8.32%, 2, 4, 5, 366.96, 185117, 1389, 223, 0
600, 0, 195, 415, 357, 50, 8.32%, 2, 4, 5, 366.66, 186965, 1389, 223, 0
605, 0, 412, 424, 362, 49, 8.34%, 2, 4, 6, 260.36, 188240, 1393, 223, 0
611, 0, 412, 433, 371, 49, 8.37%, 2, 5, 6, 43.74, 189469, 1397, 223, 0
616, 0, 412, 436, 374, 49, 8.37%, 2, 5, 6, 270.07, 190861, 1397, 223, 0
621, 0, 412, 437, 375, 49, 8.37%, 2, 5, 6, 294.60, 192373, 1397, 223, 0
626, 0, 412, 438, 376, 49, 8.37%, 2, 5, 6, 270.62, 193727, 1397, 223, 0
631, 0, 412, 438, 376, 49, 8.37%, 2, 5, 6, 282.52, 195173, 1397, 223, 0
636, 0, 412, 438, 376, 49, 8.37%, 2, 5, 6, 286.96, 196623, 1397, 223, 0
641, 0, 412, 439, 377, 49, 8.37%, 2, 5, 6, 285.12, 198085, 1397, 223, 0
647, 0, 412, 441, 379, 49, 8.39%, 2, 5, 6, 30.86, 199525, 1401, 223, 0
652, 0, 412, 444, 382, 49, 8.46%, 2, 5, 6, 253.42, 200874, 1413, 223, 0
657, 0, 412, 445, 383, 49, 8.46%, 2, 5, 6, 276.98, 202283, 1413, 223, 0
662, 0, 412, 445, 383, 49, 8.46%, 2, 5, 6, 284.49, 203743, 1413, 223, 0
667, 0, 412, 445, 383, 49, 8.46%, 2, 5, 6, 276.61, 205113, 1413, 223, 0
672, 0, 412, 445, 383, 49, 8.46%, 2, 5, 6, 276.14, 206508, 1413, 223, 0
677, 0, 412, 445, 383, 49, 8.46%, 2, 5, 6, 273.72, 207908, 1413, 223, 0
682, 0, 412, 445, 383, 49, 8.46%, 2, 5, 6, 277.18, 209309, 1413, 223, 0
687, 0, 412, 445, 383, 49, 8.46%, 2, 5, 6, 278.56, 210704, 1413, 223, 0
692, 0, 412, 447, 385, 49, 8.46%, 2, 5, 6, 292.36, 212173, 1413, 223, 0
697, 0, 412, 447, 385, 49, 8.46%, 2, 5, 6, 286.55, 213618, 1413, 223, 0
702, 0, 412, 447, 385, 49, 8.46%, 2, 5, 6, 291.35, 215098, 1413, 223, 0
707, 0, 412, 447, 385, 49, 8.46%, 2, 5, 6, 283.59, 216513, 1413, 223, 0
712, 0, 412, 448, 386, 49, 8.46%, 2, 5, 6, 285.48, 217960, 1413, 223, 0
718, 0, 412, 449, 387, 49, 8.46%, 2, 5, 6, 276.33, 219338, 1413, 223, 0
723, 0, 412, 449, 387, 49, 8.46%, 2, 5, 6, 287.85, 220838, 1413, 223, 0
728, 0, 412, 449, 387, 49, 8.46%, 2, 5, 6, 281.83, 222243, 1413, 223, 0
733, 0, 412, 449, 387, 49, 8.46%, 2, 5, 6, 297.16, 223748, 1413, 223, 0
738, 0, 412, 450, 388, 49, 8.46%, 2, 5, 6, 270.53, 225050, 1413, 223, 0
743, 0, 412, 451, 389, 49, 8.47%, 2, 5, 6, 273.29, 226454, 1414, 223, 0
748, 0, 450, 459, 394, 51, 8.48%, 2, 5, 7, 334.10, 228182, 1416, 223, 0
753, 0, 450, 462, 397, 51, 8.48%, 2, 5, 7, 358.97, 230075, 1416, 223, 0
758, 0, 450, 464, 399, 51, 8.48%, 2, 5, 7, 358.08, 231867, 1416, 223, 0
763, 0, 450, 466, 401, 51, 8.48%, 2, 5, 7, 353.98, 233661, 1416, 223, 0
768, 0, 450, 468, 403, 51, 8.48%, 2, 5, 7, 363.19, 235507, 1416, 223, 0
774, 0, 145, 471, 405, 53, 8.48%, 2, 5, 7, 343.97, 237228, 1416, 223, 0
779, 0, 145, 483, 417, 53, 8.48%, 2, 5, 7, 280.76, 238510, 1416, 223, 0
784, 0, 145, 488, 422, 53, 8.48%, 2, 5, 7, 252.68, 239770, 1416, 223, 0
789, 0, 145, 492, 426, 53, 8.48%, 2, 5, 7, 260.43, 241083, 1416, 223, 0
794, 0, 145, 492, 426, 53, 8.48%, 2, 5, 7, 267.51, 242458, 1416, 223, 0
799, 0, 145, 492, 426, 53, 8.48%, 2, 5, 7, 267.29, 243813, 1416, 223, 0
804, 0, 145, 492, 426, 53, 8.48%, 2, 5, 7, 274.67, 245224, 1416, 223, 0
809, 0, 145, 492, 426, 53, 8.48%, 2, 5, 7, 264.78, 246604, 1416, 223, 0
815, 0, 409, 493, 422, 49, 8.48%, 2, 5, 7, 286.41, 248060, 1416, 223, 0
820, 0, 315, 497, 424, 47, 8.48%, 2, 5, 7, 337.18, 249819, 1416, 223, 0
825, 0, 315, 501, 428, 47, 8.52%, 2, 5, 7, 363.76, 251669, 1422, 223, 0
830, 0, 315, 502, 429, 47, 8.52%, 2, 5, 7, 366.37, 253587, 1422, 223, 0
835, 0, 315, 503, 430, 47, 8.52%, 2, 5, 7, 371.12, 255519, 1422, 223, 0
840, 0, 315, 503, 430, 47, 8.52%, 2, 5, 7, 372.39, 257444, 1422, 223, 0
845, 0, 315, 503, 430, 47, 8.52%, 2, 6, 7, 374.67, 258999, 1422, 223, 0
850, 0, 315, 503, 430, 47, 8.52%, 2, 6, 7, 369.59, 260847, 1422, 223, 0
855, 0, 189, 506, 430, 45, 8.52%, 2, 6, 7, 371.69, 262707, 1422, 223, 0
860, 0, 340, 521, 443, 44, 8.70%, 2, 6, 7, 372.28, 264621, 1452, 223, 0
866, 0, 340, 522, 444, 44, 8.70%, 2, 6, 7, 367.34, 266525, 1452, 223, 0
871, 0, 340, 522, 444, 44, 8.70%, 2, 6, 7, 367.57, 268345, 1452, 223, 0
876, 0, 340, 523, 445, 44, 8.70%, 2, 6, 7, 364.75, 270179, 1452, 223, 0
881, 0, 340, 523, 445, 44, 8.70%, 2, 6, 7, 353.20, 271957, 1452, 223, 0
886, 0, 214, 523, 442, 48, 8.70%, 2, 6, 7, 356.16, 273837, 1452, 223, 0
891, 0, 255, 531, 449, 47, 8.70%, 2, 6, 7, 205.37, 275199, 1452, 223, 0
896, 0, 255, 531, 449, 47, 8.70%, 2, 7, 7, 272.04, 276504, 1452, 223, 0
902, 0, 255, 532, 450, 47, 8.70%, 2, 7, 7, 296.97, 278051, 1452, 223, 0
907, 0, 255, 532, 450, 47, 8.70%, 2, 7, 7, 303.22, 279599, 1452, 223, 0
912, 0, 255, 532, 450, 47, 8.70%, 2, 7, 7, 295.78, 281111, 1452, 223, 0
917, 0, 255, 532, 450, 47, 8.70%, 2, 7, 7, 301.19, 282646, 1452, 223, 0
922, 0, 277, 535, 451, 46, 8.70%, 2, 7, 7, 325.40, 284302, 1452, 223, 0
927, 0, 277, 537, 453, 46, 8.70%, 2, 7, 7, 361.51, 286156, 1452, 223, 0
932, 0, 516, 537, 449, 41, 8.70%, 2, 7, 7, 367.41, 288029, 1452, 223, 0
937, 0, 331, 538, 446, 37, 8.70%, 2, 8, 7, 289.63, 289266, 1452, 223, 0
942, 0, 373, 540, 445, 35, 8.70%, 2, 8, 7, 312.69, 290977, 1452, 223, 0
947, 0, 503, 549, 452, 33, 8.70%, 2, 8, 7, 352.97, 292784, 1452, 223, 0
953, 0, 503, 550, 453, 33, 8.70%, 2, 8, 7, 370.67, 294730, 1452, 223, 0
958, 0, 503, 550, 453, 33, 8.70%, 2, 8, 7, 371.88, 296592, 1452, 223, 0
963, 0, 503, 550, 453, 33, 8.70%, 2, 8, 7, 367.20, 298503, 1452, 223, 0
968, 0, 503, 550, 453, 33, 8.70%, 2, 8, 7, 376.17, 300442, 1452, 223, 0
973, 0, 531, 554, 452, 29, 8.70%, 2, 8, 7, 362.90, 302321, 1452, 223, 0
978, 0, 531, 555, 453, 29, 8.70%, 2, 8, 7, 343.12, 304084, 1452, 223, 0
983, 0, 531, 556, 454, 29, 8.70%, 2, 8, 7, 348.78, 305903, 1452, 223, 0
989, 0, 531, 556, 454, 29, 8.70%, 2, 8, 7, 337.69, 307667, 1452, 223, 0
994, 0, 531, 556, 454, 29, 8.70%, 2, 8, 7, 342.89, 309401, 1452, 223, 0
999, 0, 546, 558, 453, 28, 8.70%, 2, 8, 7, 344.68, 311159, 1452, 223, 0
1004, 0, 546, 560, 455, 28, 8.70%, 2, 8, 7, 363.30, 313052, 1452, 223, 0
1009, 0, 429, 566, 455, 26, 8.71%, 2, 8, 7, 336.27, 314792, 1454, 223, 0
1014, 0, 446, 572, 459, 24, 8.71%, 2, 8, 7, 287.87, 316216, 1455, 223, 0
1019, 0, 446, 574, 461, 24, 8.71%, 2, 8, 7, 285.42, 317661, 1455, 223, 0
1024, 0, 446, 574, 461, 24, 8.71%, 2, 8, 7, 296.50, 319181, 1455, 223, 0
1030, 0, 446, 574, 461, 24, 8.71%, 2, 8, 7, 287.61, 320671, 1455, 223, 0
1035, 0, 446, 575, 462, 24, 8.71%, 2, 8, 7, 264.85, 321993, 1455, 223, 0
1040, 0, 446, 575, 462, 24, 8.71%, 2, 8, 7, 278.03, 323393, 1455, 223, 0
1045, 0, 439, 577, 463, 25, 8.72%, 2, 8, 7, 283.31, 324837, 1456, 223, 0
1050, 0, 439, 578, 464, 25, 8.72%, 2, 8, 7, 257.58, 326098, 1456, 223, 0
1055, 0, 439, 581, 467, 25, 8.72%, 2, 8, 7, 254.32, 327395, 1456, 223, 0
1060, 0, 439, 581, 467, 25, 8.72%, 2, 8, 7, 251.41, 328659, 1456, 223, 0
1065, 0, 439, 582, 468, 25, 8.72%, 2, 8, 7, 263.92, 330016, 1456, 223, 0
1070, 0, 439, 582, 468, 25, 8.72%, 2, 8, 7, 254.07, 331311, 1456, 223, 0
1075, 0, 439, 582, 468, 25, 8.72%, 2, 8, 7, 267.40, 332686, 1456, 223, 0
1080, 0, 439, 582, 468, 25, 8.72%, 2, 8, 7, 254.62, 333981, 1456, 223, 0
1085, 0, 581, 583, 466, 23, 8.72%, 2, 8, 8, 273.90, 335457, 1456, 223, 0
1090, 0, 571, 584, 462, 19, 8.73%, 2, 8, 8, 321.25, 337160, 1457, 223, 0
1095, 0, 518, 586, 461, 16, 8.73%, 2, 8, 8, 315.87, 338780, 1457, 223, 0
1101, 0, 583, 588, 457, 11, 8.78%, 2, 8, 8, 346.15, 340620, 1466, 223, 0
1106, 0, 583, 596, 465, 11, 8.92%, 2, 8, 8, 371.50, 342585, 1489, 223, 0
1111, 0, 583, 597, 466, 11, 8.93%, 2, 8, 8, 373.80, 344517, 1491, 223, 0
1116, 0, 583, 597, 466, 11, 8.93%, 2, 8, 8, 374.79, 346456, 1491, 223, 0
1121, 0, 583, 598, 467, 11, 8.94%, 2, 8, 8, 373.65, 348332, 1492, 223, 0
1126, 0, 583, 602, 471, 11, 8.97%, 2, 8, 8, 380.46, 350250, 1497, 223, 0
1131, 0, 583, 602, 471, 11, 8.97%, 2, 8, 8, 380.17, 352196, 1497, 223, 0
1136, 0, 530, 604, 472, 18, 8.98%, 2, 8, 8, 347.23, 353991, 1499, 223, 0
1142, 0, 553, 605, 467, 13, 8.98%, 2, 8, 8, 359.11, 355951, 1499, 223, 0
1147, 0, 553, 609, 471, 13, 8.98%, 2, 8, 8, 314.40, 357468, 1499, 223, 0
1152, 0, 553, 611, 473, 13, 8.98%, 2, 8, 8, 317.61, 359048, 1499, 223, 0
1157, 0, 553, 611, 473, 13, 8.98%, 2, 8, 8, 315.53, 360596, 1499, 223, 0
1162, 0, 553, 611, 473, 13, 8.98%, 2, 8, 8, 314.74, 362168, 1499, 223, 0
1167, 0, 553, 612, 474, 13, 8.98%, 2, 8, 8, 317.12, 363753, 1499, 223, 0
1172, 0, 553, 612, 474, 13, 8.98%, 2, 8, 8, 320.09, 365367, 1499, 223, 0
1177, 0, 590, 612, 468, 8, 8.98%, 2, 8, 8, 294.65, 366921, 1499, 223, 0
1182, 0, 561, 615, 466, 6, 8.98%, 2, 8, 9, 313.08, 368575, 1500, 223, 0
1187, 0, 561, 630, 481, 6, 8.99%, 2, 8, 9, 363.01, 370533, 1501, 223, 0
1192, 0, 561, 635, 486, 6, 8.99%, 2, 8, 9, 374.11, 372444, 1501, 223, 0
1197, 0, 561, 637, 488, 6, 8.99%, 2, 8, 9, 374.91, 374334, 1501, 223, 0
1202, 0, 561, 637, 488, 6, 8.99%, 2, 8, 9, 380.04, 376231, 1501, 223, 0
1207, 0, 561, 638, 489, 6, 8.99%, 2, 8, 9, 378.30, 378135, 1501, 223, 0
1212, 0, 561, 638, 489, 6, 8.99%, 2, 8, 9, 381.23, 380060, 1501, 223, 0
1218, 0, 565, 638, 488, 7, 8.99%, 2, 8, 9, 371.42, 381994, 1501, 223, 0
1223, 0, 345, 638, 482, 6, 8.99%, 2, 8, 9, 330.57, 383604, 1501, 223, 0
1228, 0, 273, 639, 480, 5, 8.99%, 2, 8, 9, 316.96, 385091, 1501, 223, 0
1233, 0, 602, 648, 487, 4, 9.01%, 2, 8, 9, 353.86, 386985, 1504, 223, 0
1238, 0, 602, 648, 487, 4, 9.01%, 2, 8, 9, 371.16, 388931, 1504, 223, 0
1243, 0, 602, 649, 488, 4, 9.01%, 2, 8, 9, 373.14, 390849, 1504, 223, 0
1249, 0, 602, 651, 490, 4, 9.10%, 2, 8, 9, 373.37, 392781, 1520, 223, 0
1254, 0, 602, 652, 491, 4, 9.24%, 2, 8, 9, 373.43, 394699, 1542, 223, 0
1259, 0, 346, 654, 491, 6, 9.24%, 2, 8, 9, 340.41, 396408, 1542, 223, 0
1264, 0, 651, 679, 515, 6, 9.27%, 2, 8, 10, 352.15, 398142, 1548, 223, 0
1269, 0, 651, 687, 523, 6, 9.41%, 2, 8, 10, 369.01, 400004, 1571, 223, 0
1274, 0, 651, 691, 527, 6, 9.41%, 2, 8, 10, 375.83, 401936, 1571, 223, 0
1279, 0, 651, 696, 532, 6, 9.41%, 2, 8, 10, 379.40, 403903, 1571, 223, 0
1284, 0, 651, 698, 534, 6, 9.41%, 2, 8, 10, 377.97, 405793, 1571, 223, 0
1289, 0, 666, 699, 530, 7, 9.41%, 2, 8, 10, 377.40, 407690, 1571, 224, 0
1294, 0, 694, 726, 554, 5, 9.41%, 2, 8, 11, 378.41, 409663, 1571, 224, 0
1300, 0, 694, 734, 562, 5, 9.42%, 2, 8, 11, 379.76, 411630, 1573, 224, 0
1305, 0, 694, 739, 567, 5, 9.49%, 2, 8, 11, 376.37, 413499, 1585, 224, 0
1310, 0, 694, 742, 570, 5, 9.50%, 2, 8, 11, 373.72, 415438, 1586, 224, 0
1315, 0, 694, 742, 570, 5, 9.50%, 2, 8, 11, 380.00, 417412, 1586, 224, 0
1320, 0, 681, 753, 580, 6, 9.52%, 2, 8, 11, 379.21, 419378, 1590, 224, 0
1325, 0, 681, 761, 588, 6, 9.52%, 2, 8, 11, 373.03, 421247, 1590, 224, 0
1330, 0, 681, 761, 588, 6, 9.52%, 2, 8, 11, 374.86, 423193, 1590, 224, 0
1335, 0, 681, 762, 589, 6, 9.52%, 2, 8, 11, 374.04, 425125, 1590, 224, 0
1341, 0, 681, 762, 589, 6, 9.52%, 2, 8, 11, 373.49, 427050, 1590, 224, 0
1346, 0, 688, 765, 588, 7, 9.52%, 2, 8, 11, 372.55, 428984, 1590, 224, 0
1351, 0, 739, 789, 608, 4, 9.53%, 2, 8, 12, 379.22, 430904, 1591, 224, 0
1356, 0, 739, 795, 614, 4, 9.53%, 2, 8, 12, 379.92, 432815, 1591, 224, 0
1361, 0, 739, 797, 616, 4, 9.53%, 2, 8, 12, 379.84, 434726, 1591, 224, 0
1366, 0, 739, 798, 617, 4, 9.53%, 2, 8, 12, 385.95, 436686, 1591, 224, 0
1371, 0, 348, 799, 615, 4, 9.53%, 2, 8, 12, 333.41, 438385, 1591, 224, 0
1376, 0, 430, 800, 611, 2, 9.53%, 2, 8, 13, 337.26, 440211, 1591, 224, 0
1381, 0, 580, 803, 610, 2, 9.53%, 2, 8, 13, 314.07, 441807, 1591, 224, 0
1386, 0, 580, 805, 612, 2, 9.53%, 2, 8, 13, 309.30, 443351, 1591, 224, 0
1392, 0, 580, 805, 612, 2, 9.53%, 2, 8, 13, 296.53, 444863, 1591, 224, 0
1397, 0, 580, 807, 614, 2, 9.56%, 2, 8, 13, 278.92, 446283, 1596, 224, 0
1402, 0, 580, 807, 614, 2, 9.56%, 2, 8, 13, 287.08, 447738, 1596, 224, 0
1407, 0, 580, 807, 614, 2, 9.56%, 2, 8, 13, 301.40, 449263, 1596, 224, 0
1412, 0, 748, 807, 612, 3, 9.56%, 2, 8, 13, 312.98, 450862, 1596, 224, 0
1417, 0, 804, 811, 614, 1, 9.56%, 2, 8, 13, 268.13, 452103, 1596, 224, 0
1422, 0, 804, 815, 618, 1, 9.58%, 2, 8, 13, 268.69, 453461, 1599, 224, 0
1427, 0, 804, 816, 619, 1, 9.58%, 2, 8, 13, 270.30, 454863, 1599, 224, 0
1432, 0, 804, 816, 619, 1, 9.58%, 2, 8, 13, 273.33, 456233, 1599, 224, 0
1438, 0, 804, 818, 621, 1, 9.59%, 2, 8, 13, 272.66, 457652, 1602, 224, 0
1443, 0, 814, 819, 621, 2, 9.61%, 2, 8, 13, 262.33, 458976, 1605, 224, 0
1448, 0, 149, 819, 617, 0, 9.61%, 2, 8, 13, 270.30, 460315, 1605, 224, 0
1453, 0, 822, 835, 631, 1, 9.73%, 2, 8, 13, 353.51, 462183, 1624, 224, 0
1458, 0, 822, 845, 641, 1, 9.86%, 2, 8, 13, 374.55, 464157, 1646, 224, 0
1463, 0, 822, 852, 648, 1, 9.89%, 2, 8, 13, 377.23, 466117, 1652, 224, 0
1468, 0, 822, 855, 651, 1, 9.89%, 2, 8, 13, 379.38, 468063, 1652, 224, 0
1473, 0, 822, 857, 653, 1, 9.89%, 2, 8, 13, 379.38, 470009, 1652, 224, 0
1479, 0, 822, 858, 654, 1, 9.89%, 2, 8, 13, 378.17, 471962, 1652, 224, 0
1484, 0, 822, 858, 654, 1, 9.89%, 2, 8, 13, 380.03, 473929, 1652, 224, 0
1489, 0, 842, 862, 655, 7, 9.89%, 2, 8, 13, 378.18, 475870, 1652, 224, 0
1494, 0, 842, 884, 677, 7, 9.91%, 2, 8, 13, 384.17, 477816, 1655, 224, 0
1499, 0, 842, 888, 681, 7, 9.91%, 2, 8, 13, 391.50, 479818, 1655, 224, 0
1504, 0, 842, 891, 684, 7, 9.91%, 2, 8, 13, 388.24, 481778, 1655, 224, 0
1509, 0, 845, 895, 687, 8, 9.91%, 2, 8, 13, 380.61, 483720, 1655, 224, 0
1514, 0, 845, 896, 688, 8, 9.95%, 2, 8, 13, 380.58, 485631, 1661, 224, 0
1519, 0, 845, 898, 690, 8, 9.95%, 2, 8, 13, 384.27, 487563, 1661, 224, 0
1524, 0, 845, 899, 691, 8, 9.95%, 2, 8, 13, 385.17, 489495, 1661, 224, 0
1530, 0, 859, 907, 698, 9, 9.95%, 2, 8, 13, 383.53, 491458, 1661, 224, 0
1535, 0, 859, 912, 703, 9, 9.95%, 2, 8, 13, 375.14, 493334, 1661, 224, 0
1540, 0, 859, 913, 704, 9, 9.95%, 2, 8, 13, 373.31, 495196, 1661, 224, 0
1545, 0, 859, 913, 704, 9, 9.95%, 2, 8, 13, 365.31, 497030, 1661, 224, 0
1550, 0, 859, 914, 705, 9, 9.95%, 2, 8, 13, 361.16, 498899, 1661, 224, 0
1555, 0, 859, 914, 705, 9, 9.95%, 2, 8, 13, 371.58, 500768, 1661, 224, 0
1560, 0, 859, 914, 705, 9, 9.95%, 2, 8, 13, 378.68, 502686, 1661, 224, 0
1565, 0, 873, 915, 703, 6, 9.95%, 2, 8, 13, 385.00, 504630, 1661, 224, 0
1570, 0, 869, 917, 702, 4, 9.95%, 2, 8, 13, 377.62, 506524, 1661, 224, 0
1575, 0, 895, 925, 708, 3, 9.99%, 2, 8, 13, 383.96, 508447, 1668, 224, 0
1580, 0, 895, 930, 713, 3, 9.99%, 2, 8, 13, 396.32, 510456, 1668, 224, 0
1585, 0, 895, 933, 716, 3, 10.00%, 2, 8, 13, 409.11, 512548, 1669, 224, 0
1590, 0, 895, 933, 716, 3, 10.00%, 2, 8, 13, 416.04, 514652, 1669, 224, 0
1595, 0, 924, 935, 714, 2, 10.00%, 2, 8, 13, 402.53, 516688, 1669, 224, 0
1600, 0, 924, 936, 715, 2, 10.00%, 2, 8, 13, 407.30, 518783, 1669, 224, 0
1605, 0, 924, 937, 716, 2, 10.00%, 2, 8, 13, 383.08, 520680, 1669, 224, 0
1610, 0, 924, 937, 716, 2, 10.00%, 2, 8, 13, 373.60, 522605, 1669, 224, 0
1616, 0, 930, 940, 718, 2, 10.00%, 2, 8, 13, 378.41, 524578, 1669, 224, 0
1621, 0, 709, 940, 715, 0, 10.00%, 2, 8, 13, 359.54, 526258, 1669, 224, 0
1626, 0, 817, 940, 710, 0, 10.00%, 2, 8, 13, 338.66, 528019, 1669, 224, 0
1631, 0, 746, 941, 709, 0, 10.00%, 2, 8, 13, 387.62, 529971, 1670, 224, 0
1636, 0, 59, 942, 706, 0, 10.00%, 2, 8, 13, 365.33, 531993, 1670, 224, 0
1641, 0, 802, 943, 705, 0, 10.00%, 2, 8, 13, 347.98, 533699, 1670, 224, 0
1646, 0, 823, 945, 706, 0, 10.00%, 2, 8, 13, 363.41, 535459, 1670, 224, 0
1651, 0, 885, 946, 705, 0, 10.00%, 2, 8, 13, 377.69, 537386, 1670, 224, 0
1657, 0, 885, 949, 708, 0, 10.00%, 2, 8, 13, 399.91, 539486, 1670, 224, 0
1662, 0, 885, 950, 709, 0, 10.00%, 2, 8, 13, 402.80, 541521, 1670, 224, 0
1667, 0, 885, 952, 711, 0, 10.00%, 2, 8, 13, 410.09, 543584, 1670, 224, 0
1672, 0, 629, 952, 707, 1, 10.00%, 2, 8, 13, 403.00, 545779, 1670, 224, 0
1677, 0, 951, 955, 708, 1, 10.00%, 2, 8, 13, 402.00, 547802, 1670, 224, 0
1682, 0, 951, 956, 709, 1, 10.00%, 2, 8, 13, 407.14, 549841, 1670, 224, 0
1687, 0, 951, 956, 709, 1, 10.00%, 2, 8, 13, 404.95, 551905, 1670, 224, 0
1692, 0, 951, 956, 709, 1, 10.00%, 2, 8, 13, 410.05, 553977, 1670, 224, 0
1697, 0, 71, 957, 706, 0, 10.00%, 2, 8, 13, 379.73, 555822, 1670, 224, 0
1702, 0, 440, 959, 707, 0, 10.00%, 2, 8, 13, 394.60, 557836, 1670, 224, 0
1708, 0, 619, 959, 706, 0, 10.00%, 2, 8, 13, 366.04, 559442, 1670, 224, 0
1713, 0, 918, 961, 705, 0, 10.00%, 2, 8, 13, 289.29, 560800, 1670, 224, 0
1718, 0, 120, 962, 700, 0, 10.00%, 2, 8, 13, 369.49, 562827, 1670, 224, 0
1723, 0, 71, 964, 698, 0, 10.00%, 2, 8, 13, 361.05, 564597, 1670, 224, 0
1728, 0, 350, 964, 696, 0, 10.00%, 2, 8, 13, 366.19, 566492, 1670, 224, 0
1733, 0, 814, 965, 694, 0, 10.00%, 2, 8, 13, 330.61, 568192, 1670, 224, 0
1738, 0, 401, 966, 695, 0, 10.00%, 2, 8, 13, 321.96, 569775, 1670, 224, 0
1743, 0, 323, 967, 691, 0, 10.01%, 2, 8, 13, 377.08, 571723, 1671, 224, 0
1748, 0, 350, 968, 688, 0, 10.01%, 2, 8, 13, 325.13, 573178, 1672, 224, 0
1753, 0, 687, 969, 686, 0, 10.01%, 2, 8, 13, 354.69, 574998, 1672, 224, 0
1759, 0, 625, 969, 682, 0, 10.01%, 2, 8, 13, 387.03, 577286, 1672, 224, 0
1765, 0, 207, 969, 680, 0, 10.01%, 2, 8, 13, 383.79, 579373, 1672, 267, 0
1771, 0, 320, 970, 678, 0, 10.01%, 2, 8, 13, 370.04, 581382, 1672, 267, 0
1776, 0, 320, 976, 684, 0, 10.01%, 2, 8, 13, 388.31, 583447, 1672, 267, 0
1781, 0, 320, 976, 684, 0, 10.01%, 2, 8, 13, 399.13, 585470, 1672, 267, 0
1786, 0, 320, 977, 685, 0, 10.06%, 2, 8, 13, 407.76, 587551, 1680, 267, 0
1791, 0, 320, 977, 685, 0, 10.06%, 2, 8, 13, 419.99, 589735, 1680, 267, 0
1796, 0, 979, 980, 685, 1, 10.08%, 2, 8, 13, 424.12, 592019, 1683, 267, 0
1802, 0, 81, 980, 681, 0, 10.08%, 2, 8, 13, 380.66, 593973, 1683, 267, 0
1808, 0, 489, 980, 677, 0, 10.08%, 2, 8, 13, 335.07, 595519, 1683, 267, 0
1813, 0, 981, 984, 678, 3, 10.18%, 2, 8, 13, 353.25, 597187, 1699, 267, 0
1818, 0, 298, 988, 680, 4, 10.22%, 2, 8, 14, 372.82, 599167, 1706, 267, 0
1823, 0, 617, 989, 676, 4, 10.22%, 2, 8, 14, 371.71, 601114, 1706, 267, 0
1828, 0, 944, 989, 670, 0, 10.22%, 2, 8, 14, 343.40, 602874, 1706, 267, 0
1833, 0, 750, 989, 669, 0, 10.22%, 2, 8, 14, 361.35, 604746, 1706, 267, 0
1838, 0, 918, 990, 668, 0, 10.22%, 2, 8, 14, 383.46, 606693, 1706, 267, 0
1844, 0, 944, 990, 665, 0, 10.22%, 2, 8, 14, 364.58, 608595, 1706, 267, 0
1849, 0, 918, 991, 666, 0, 10.22%, 2, 8, 14, 334.70, 610303, 1706, 267, 0
1854, 0, 621, 991, 664, 0, 10.22%, 2, 8, 14, 366.60, 612179, 1706, 267, 0
1859, 0, 880, 991, 660, 0, 10.22%, 2, 8, 14, 367.67, 614028, 1706, 267, 0
1864, 0, 650, 992, 659, 0, 10.22%, 2, 8, 14, 326.65, 615692, 1706, 267, 0
1869, 0, 813, 992, 656, 0, 10.22%, 2, 8, 14, 246.78, 616823, 1706, 267, 0
1874, 0, 907, 993, 655, 0, 10.22%, 2, 8, 14, 324.50, 618451, 1706, 267, 0
1879, 0, 968, 993, 651, 0, 10.22%, 2, 8, 14, 357.57, 620322, 1706, 267, 0
1884, 0, 601, 994, 648, 0, 10.22%, 2, 8, 14, 387.26, 622322, 1706, 267, 0
1889, 0, 565, 994, 646, 0, 10.22%, 2, 8, 14, 311.03, 623716, 1706, 267, 0
1895, 0, 156, 994, 643, 0, 10.22%, 2, 8, 14, 329.90, 625342, 1706, 267, 0
1900, 0, 584, 994, 641, 0, 10.22%, 2, 8, 14, 358.27, 627192, 1706, 267, 0
1905, 0, 469, 994, 640, 0, 10.22%, 2, 8, 14, 373.27, 629074, 1706, 267, 0
1911, 0, 53, 995, 639, 0, 10.22%, 2, 8, 14, 326.82, 630648, 1706, 267, 0
1916, 0, 881, 995, 635, 0, 10.22%, 2, 8, 14, 369.09, 632591, 1706, 267, 0
1921, 0, 171, 995, 630, 0, 10.22%, 2, 8, 14, 358.36, 634393, 1706, 267, 0
1926, 0, 666, 995, 628, 0, 10.22%, 2, 8, 14, 374.58, 636292, 1706, 267, 0
1931, 0, 581, 995, 626, 0, 10.22%, 2, 8, 14, 358.15, 638178, 1706, 267, 0
1936, 0, 480, 995, 625, 0, 10.22%, 2, 8, 14, 341.66, 639837, 1706, 267, 0
1941, 0, 968, 995, 623, 0, 10.22%, 2, 8, 14, 369.74, 641678, 1706, 267, 0
1946, 0, 930, 995, 620, 0, 10.22%, 2, 8, 14, 389.67, 643668, 1706, 267, 0
1951, 0, 770, 995, 619, 0, 10.22%, 2, 8, 14, 378.78, 645595, 1706, 322, 0
1957, 0, 396, 995, 618, 0, 10.22%, 2, 8, 14, 341.38, 646775, 1706, 322, 0
1962, 0, 509, 995, 616, 0, 10.22%, 2, 8, 14, 326.69, 648384, 1706, 322, 0
1967, 0, 518, 995, 611, 0, 10.22%, 2, 8, 14, 377.04, 650394, 1706, 322, 0
1972, 0, 490, 995, 611, 0, 10.22%, 2, 8, 14, 351.44, 652167, 1706, 322, 0
1977, 0, 512, 995, 610, 0, 10.22%, 2, 8, 14, 366.54, 654143, 1706, 322, 0
1982, 0, 512, 995, 607, 0, 10.22%, 2, 8, 14, 366.99, 655998, 1706, 322, 0
1987, 0, 987, 995, 605, 0, 10.22%, 2, 8, 14, 375.61, 657975, 1706, 322, 0
1993, 0, 234, 995, 603, 0, 10.22%, 2, 8, 14, 386.87, 659899, 1706, 322, 0
1998, 0, 954, 996, 601, 0, 10.22%, 2, 8, 14, 345.07, 661535, 1706, 322, 0
2003, 0, 187, 996, 599, 0, 10.22%, 2, 8, 14, 365.95, 663341, 1706, 322, 0
2008, 0, 973, 996, 596, 0, 10.22%, 2, 8, 14, 396.72, 665436, 1706, 322, 0
2013, 0, 897, 996, 592, 0, 10.22%, 2, 8, 14, 376.10, 667296, 1706, 322, 0
2019, 0, 969, 996, 589, 0, 10.22%, 2, 8, 14, 345.46, 669399, 1706, 322, 0
2024, 0, 214, 996, 586, 0, 10.22%, 2, 8, 14, 349.72, 671231, 1706, 322, 0
2029, 0, 493, 996, 584, 0, 10.22%, 2, 8, 14, 333.81, 672972, 1706, 322, 0
2034, 0, 590, 996, 584, 0, 10.22%, 2, 8, 14, 361.37, 674766, 1706, 322, 0
2039, 0, 499, 996, 582, 0, 10.22%, 2, 8, 14, 379.38, 676594, 1706, 322, 0
2044, 0, 984, 997, 583, 0, 10.22%, 2, 8, 14, 395.94, 678579, 1706, 322, 0
2049, 0, 429, 997, 580, 0, 10.22%, 2, 8, 14, 375.36, 680535, 1706, 322, 0
2055, 0, 608, 997, 579, 0, 10.22%, 2, 8, 14, 358.58, 682468, 1706, 322, 0
2060, 0, 968, 997, 575, 0, 10.22%, 2, 8, 14, 327.99, 684048, 1706, 322, 0
2065, 0, 307, 997, 574, 0, 10.22%, 2, 8, 14, 352.08, 685925, 1706, 322, 0
2070, 0, 954, 997, 572, 0, 10.22%, 2, 8, 14, 292.59, 687287, 1706, 322, 0
2076, 0, 565, 997, 570, 0, 10.22%, 2, 8, 14, 312.51, 688902, 1706, 322, 0
2081, 0, 864, 997, 567, 0, 10.22%, 2, 8, 14, 356.53, 690835, 1706, 322, 0
2086, 0, 940, 997, 563, 0, 10.22%, 2, 8, 14, 334.68, 692648, 1706, 322, 0
2091, 0, 957, 1000, 566, 0, 10.22%, 2, 8, 14, 365.73, 694504, 1706, 322, 0
2096, 0, 957, 1000, 566, 0, 10.22%, 2, 8, 14, 376.16, 696471, 1706, 322, 0
2101, 0, 825, 1000, 565, 0, 10.22%, 2, 8, 14, 362.42, 698251, 1706, 322, 0
2106, 0, 897, 1000, 563, 0, 10.22%, 2, 8, 14, 367.65, 700103, 1706, 322, 0
2111, 0, 282, 1000, 562, 0, 10.22%, 2, 8, 14, 316.00, 701614, 1706, 322, 0
2116, 0, 899, 1000, 557, 0, 10.22%, 2, 8, 14, 364.91, 703525, 1706, 322, 0
2121, 0, 187, 1001, 556, 0, 11.18%, 2, 8, 14, 346.42, 705268, 1867, 322, 0
2126, 0, 1000, 1063, 618, 1, 11.74%, 2, 8, 14, 366.03, 707160, 1961, 322, 0
2131, 0, 1000, 1075, 630, 1, 11.83%, 2, 8, 14, 372.46, 709023, 1975, 322, 0
2137, 0, 1000, 1087, 642, 1, 11.98%, 2, 8, 14, 376.73, 710982, 2001, 322, 0
2142, 0, 1000, 1092, 647, 1, 12.01%, 2, 8, 14, 366.80, 712823, 2006, 322, 0
2147, 0, 1000, 1099, 654, 1, 12.03%, 2, 8, 14, 375.66, 714755, 2008, 322, 0
2152, 0, 1000, 1106, 661, 1, 12.05%, 2, 8, 14, 385.16, 716701, 2012, 322, 0
2157, 0, 1000, 1110, 665, 1, 12.06%, 2, 8, 14, 385.69, 718703, 2014, 322, 0
2162, 0, 1016, 1124, 678, 24, 12.15%, 2, 8, 14, 388.04, 720670, 2029, 322, 0
2167, 0, 1016, 1132, 686, 24, 12.19%, 2, 8, 14, 385.79, 722602, 2035, 322, 0
2172, 0, 1016, 1141, 695, 24, 12.21%, 2, 8, 14, 382.43, 724583, 2039, 322, 0
2177, 0, 1016, 1143, 697, 24, 12.22%, 2, 8, 14, 388.58, 726543, 2040, 322, 0
2182, 0, 1016, 1149, 703, 24, 12.25%, 2, 8, 14, 381.12, 728447, 2046, 322, 0
2188, 0, 1016, 1156, 710, 24, 12.28%, 2, 8, 14, 377.26, 730400, 2051, 322, 0
2193, 0, 1054, 1161, 714, 41, 12.33%, 2, 8, 14, 381.84, 732372, 2059, 322, 0
2198, 0, 1054, 1174, 727, 41, 12.39%, 2, 8, 14, 388.91, 734332, 2068, 322, 0
2203, 0, 1054, 1177, 730, 41, 12.39%, 2, 8, 14, 389.19, 736327, 2068, 322, 0
2208, 0, 1054, 1182, 735, 41, 12.39%, 2, 8, 14, 379.75, 738301, 2069, 322, 0
2213, 0, 1054, 1189, 742, 41, 12.39%, 2, 8, 14, 377.63, 740261, 2069, 322, 0
2218, 0, 1054, 1194, 747, 41, 12.39%, 2, 8, 14, 374.69, 742193, 2069, 322, 0
2224, 0, 1054, 1195, 748, 41, 12.39%, 2, 8, 14, 382.66, 744195, 2069, 322, 0
2229, 0, 1196, 1200, 749, 39, 12.39%, 2, 8, 14, 374.94, 746059, 2069, 322, 0
2234, 0, 1196, 1205, 754, 39, 12.45%, 2, 8, 14, 382.82, 747984, 2078, 322, 0
2239, 0, 1196, 1207, 756, 39, 12.45%, 2, 8, 14, 381.14, 749972, 2078, 322, 0
2244, 0, 1196, 1208, 757, 39, 12.45%, 2, 8, 14, 381.10, 751904, 2078, 322, 0
2249, 0, 1196, 1211, 760, 39, 12.46%, 2, 8, 14, 385.50, 753843, 2080, 322, 0
2254, 0, 1196, 1211, 760, 39, 12.46%, 2, 8, 14, 384.20, 755782, 2080, 322, 0
2259, 0, 1196, 1212, 761, 39, 12.46%, 2, 8, 14, 377.29, 757637, 2080, 322, 0
2264, 0, 1149, 1219, 766, 37, 12.46%, 2, 8, 14, 381.11, 759569, 2081, 322, 0
2269, 0, 1149, 1226, 773, 37, 12.48%, 2, 8, 14, 381.98, 761536, 2084, 322, 0
2275, 0, 1149, 1232, 779, 37, 12.48%, 2, 8, 14, 381.18, 763517, 2084, 322, 0
2280, 0, 1149, 1233, 780, 37, 12.49%, 2, 8, 14, 380.34, 765463, 2085, 322, 0
2285, 0, 1149, 1235, 782, 37, 12.49%, 2, 8, 14, 377.48, 767395, 2085, 322, 0
2290, 0, 1084, 1241, 787, 42, 12.50%, 2, 8, 14, 369.75, 769254, 2087, 322, 0
2295, 0, 1084, 1251, 797, 42, 12.51%, 2, 8, 14, 367.68, 771144, 2088, 322, 0
2300, 0, 1084, 1260, 806, 42, 12.51%, 2, 8, 14, 366.66, 772992, 2089, 322, 0
2305, 0, 1084, 1267, 813, 42, 12.53%, 2, 8, 14, 368.71, 774875, 2092, 322, 0
2310, 0, 1084, 1271, 817, 42, 12.54%, 2, 8, 14, 380.12, 776842, 2093, 322, 0
2315, 0, 1092, 1275, 820, 47, 12.54%, 2, 8, 14, 382.52, 778821, 2094, 322, 0
2320, 0, 1273, 1277, 818, 44, 12.55%, 2, 8, 14, 383.16, 780779, 2095, 322, 0
2326, 0, 1273, 1291, 832, 44, 12.61%, 2, 8, 14, 381.20, 782737, 2105, 322, 0
2331, 0, 1273, 1293, 834, 44, 12.61%, 2, 8, 14, 374.93, 784670, 2105, 322, 0
2336, 0, 1273, 1293, 834, 44, 12.61%, 2, 8, 14, 378.19, 786637, 2105, 322, 0
2341, 0, 1273, 1295, 836, 44, 12.61%, 2, 8, 14, 384.10, 788639, 2105, 322, 0
2346, 0, 1273, 1298, 839, 44, 12.61%, 2, 8, 14, 382.18, 790564, 2106, 322, 0
2351, 0, 1273, 1301, 842, 44, 12.61%, 2, 8, 14, 378.75, 792510, 2106, 322, 0
2357, 0, 1273, 1302, 843, 44, 12.61%, 2, 8, 14, 379.04, 794484, 2106, 322, 0
2362, 0, 1273, 1302, 843, 44, 12.61%, 2, 8, 14, 379.82, 796444, 2106, 322, 0
2367, 0, 1273, 1303, 844, 44, 12.61%, 2, 8, 14, 382.69, 798369, 2106, 322, 0
2372, 0, 1273, 1305, 846, 44, 12.65%, 2, 8, 14, 384.78, 800371, 2112, 322, 0
2377, 0, 1273, 1305, 846, 44, 12.65%, 2, 8, 14, 372.69, 802233, 2112, 322, 0
2382, 0, 1273, 1307, 848, 44, 12.65%, 2, 8, 14, 380.56, 804158, 2112, 322, 0
2387, 0, 1273, 1312, 853, 44, 12.66%, 2, 8, 14, 391.84, 806174, 2114, 322, 0
2392, 0, 1273, 1313, 854, 44, 12.66%, 2, 8, 14, 381.19, 808093, 2114, 322, 0
2397, 0, 1273, 1316, 857, 44, 12.66%, 2, 8, 14, 382.87, 810025, 2114, 322, 0
2400, 0, 1273, 1318, 859, 44, 12.66%, 2, 8, 14, 378.92, 810921, 2114, 322, 0
