# relative_time, cycles_done, cur_item, corpus_count, pending_total, pending_favs, map_size, saved_crashes, saved_hangs, max_depth, execs_per_sec, total_execs, edges_found, total_crashes, servers_count
61, 0, 0, 100, 99, 3, 5.85%, 0, 3, 2, 211.81, 11931, 976, 0, 0
66, 0, 0, 103, 102, 3, 5.85%, 0, 3, 2, 211.69, 13044, 976, 0, 0
71, 0, 1, 108, 106, 41, 5.87%, 2, 3, 2, 241.43, 14224, 980, 74, 0
76, 0, 1, 112, 110, 41, 5.89%, 2, 3, 2, 268.81, 15623, 983, 557, 0
81, 0, 1, 114, 112, 41, 5.89%, 2, 3, 2, 270.69, 16977, 983, 1065, 0
86, 0, 1, 114, 112, 41, 5.89%, 2, 3, 2, 272.29, 18407, 983, 1597, 0
91, 0, 1, 114, 112, 41, 5.89%, 2, 3, 2, 271.97, 19773, 983, 2090, 0
96, 0, 1, 115, 113, 41, 5.89%, 2, 3, 2, 275.98, 21175, 983, 2635, 0
102, 0, 1, 115, 113, 41, 5.89%, 2, 3, 2, 272.34, 22560, 983, 3150, 0
107, 0, 1, 116, 114, 41, 5.89%, 2, 3, 2, 271.88, 23912, 984, 3665, 0
112, 0, 1, 118, 116, 41, 5.90%, 2, 3, 2, 269.22, 25326, 985, 4190, 0
117, 0, 1, 119, 117, 41, 5.90%, 2, 3, 2, 259.21, 26613, 985, 4670, 0
122, 0, 1, 120, 118, 41, 5.91%, 2, 3, 2, 269.73, 27975, 986, 5179, 0
127, 0, 1, 121, 119, 41, 5.91%, 2, 3, 2, 268.43, 29377, 987, 5680, 0
132, 0, 1, 122, 120, 41, 5.92%, 2, 3, 2, 269.36, 30749, 988, 6171, 0
137, 0, 1, 122, 120, 41, 5.92%, 2, 3, 2, 268.23, 32129, 988, 6692, 0
142, 0, 1, 123, 121, 41, 5.92%, 2, 3, 2, 269.10, 33476, 988, 7193, 0
147, 0, 1, 123, 121, 41, 5.92%, 2, 3, 2, 270.54, 34866, 988, 7708, 0
152, 0, 1, 126, 124, 41, 6.08%, 2, 3, 2, 256.77, 36168, 1016, 8164, 0
158, 0, 1, 126, 124, 41, 6.08%, 2, 3, 2, 261.61, 37543, 1016, 8666, 0
163, 0, 1, 130, 128, 41, 6.10%, 2, 3, 2, 261.95, 38851, 1019, 9133, 0
168, 0, 1, 130, 128, 41, 6.10%, 2, 3, 2, 253.96, 40131, 1019, 9594, 0
173, 0, 1, 130, 128, 41, 6.10%, 2, 3, 2, 274.87, 41546, 1019, 10096, 0
178, 0, 1, 131, 129, 41, 6.11%, 2, 3, 2, 263.01, 42863, 1020, 10572, 0
183, 0, 1, 132, 130, 41, 6.11%, 2, 3, 2, 275.44, 44240, 1020, 11071, 0
188, 0, 1, 134, 132, 41, 6.33%, 2, 3, 2, 275.52, 45634, 1057, 11568, 0
193, 0, 1, 134, 132, 41, 6.33%, 2, 3, 2, 255.33, 46909, 1057, 12057, 0
198, 0, 1, 134, 132, 41, 6.33%, 2, 3, 2, 268.73, 48294, 1057, 12572, 0
203, 0, 1, 134, 132, 41, 6.33%, 2, 3, 2, 287.39, 49764, 1057, 13139, 0
208, 0, 1, 135, 133, 41, 6.33%, 2, 3, 2, 281.76, 51211, 1057, 13678, 0
213, 0, 1, 135, 133, 41, 6.33%, 2, 3, 2, 281.45, 52636, 1057, 14156, 0
218, 0, 1, 135, 133, 41, 6.33%, 2, 3, 2, 257.47, 53896, 1057, 14595, 0
223, 0, 1, 135, 133, 41, 6.33%, 2, 3, 2, 260.20, 55181, 1057, 15061, 0
228, 0, 1, 135, 133, 41, 6.33%, 2, 3, 2, 257.58, 56501, 1057, 15547, 0
233, 0, 1, 135, 133, 41, 6.33%, 2, 3, 2, 267.77, 57856, 1057, 16033, 0
238, 0, 1, 136, 134, 41, 7.35%, 2, 3, 2, 273.60, 59223, 1228, 16533, 0
243, 0, 1, 136, 134, 41, 7.35%, 2, 3, 2, 264.33, 60538, 1228, 16998, 0
248, 0, 1, 137, 135, 41, 7.35%, 2, 3, 2, 273.30, 61935, 1228, 17517, 0
253, 0, 1, 138, 136, 41, 7.35%, 2, 3, 2, 269.51, 63267, 1228, 17992, 0
258, 0, 1, 138, 136, 41, 7.35%, 2, 3, 2, 259.74, 64572, 1228, 18476, 0
264, 0, 14, 138, 134, 51, 7.35%, 2, 3, 2, 276.65, 66093, 1228, 18883, 0
269, 0, 35, 141, 132, 46, 7.37%, 2, 3, 3, 263.81, 67458, 1231, 18883, 0
274, 0, 50, 147, 137, 45, 7.38%, 2, 3, 3, 253.93, 68101, 1232, 18883, 0
279, 0, 50, 156, 146, 45, 7.38%, 2, 3, 3, 252.71, 69114, 1232, 18883, 0
284, 0, 50, 162, 152, 45, 7.53%, 2, 3, 3, 232.39, 70254, 1258, 18883, 0
289, 0, 50, 164, 154, 45, 7.53%, 2, 3, 3, 215.77, 71328, 1258, 18883, 0
294, 0, 50, 168, 158, 45, 7.70%, 2, 3, 3, 204.89, 72344, 1285, 18883, 0
299, 0, 50, 169, 159, 45, 7.74%, 2, 3, 3, 215.80, 73439, 1293, 18883, 0
305, 0, 50, 172, 162, 45, 7.74%, 2, 3, 3, 203.88, 74464, 1293, 18883, 0
310, 0, 50, 174, 164, 45, 7.74%, 2, 3, 3, 201.54, 75482, 1293, 18883, 0
315, 0, 50, 175, 165, 45, 7.74%, 2, 3, 3, 211.63, 76561, 1293, 18883, 0
320, 0, 50, 176, 166, 45, 7.74%, 2, 3, 3, 209.64, 77596, 1293, 18883, 0
325, 0, 50, 176, 166, 45, 7.74%, 2, 3, 3, 199.94, 78589, 1293, 18883, 0
330, 0, 50, 178, 168, 45, 7.76%, 2, 3, 3, 208.31, 79670, 1296, 18883, 0
335, 0, 50, 178, 168, 45, 7.76%, 2, 3, 3, 205.55, 80710, 1296, 18883, 0
340, 0, 50, 178, 168, 45, 7.76%, 2, 3, 3, 208.58, 81754, 1296, 18883, 0
345, 0, 50, 178, 168, 45, 7.76%, 2, 3, 3, 211.05, 82826, 1296, 18883, 0
350, 0, 50, 178, 168, 45, 7.76%, 2, 3, 3, 216.82, 83922, 1296, 18883, 0
355, 0, 50, 180, 170, 45, 7.77%, 2, 3, 3, 222.10, 85064, 1298, 18883, 0
361, 0, 50, 180, 170, 45, 7.77%, 2, 3, 3, 209.31, 86124, 1298, 18883, 0
366, 0, 50, 181, 171, 45, 7.78%, 2, 3, 3, 217.37, 87239, 1299, 18883, 0
371, 0, 50, 183, 173, 45, 7.79%, 2, 3, 3, 217.52, 88305, 1300, 18883, 0
376, 0, 50, 183, 173, 45, 7.79%, 2, 3, 3, 225.46, 89445, 1300, 18883, 0
381, 0, 50, 183, 173, 45, 7.79%, 2, 3, 3, 216.66, 90549, 1300, 18883, 0
386, 0, 50, 184, 174, 45, 7.79%, 2, 3, 3, 218.44, 91648, 1300, 18883, 0
391, 0, 50, 184, 174, 45, 7.79%, 2, 3, 3, 214.43, 92760, 1300, 18883, 0
396, 0, 50, 184, 174, 45, 7.79%, 2, 3, 3, 221.49, 93880, 1300, 18883, 0
401, 0, 50, 184, 174, 45, 7.79%, 2, 3, 3, 208.57, 94920, 1300, 18883, 0
406, 0, 50, 184, 174, 45, 7.79%, 2, 3, 3, 228.55, 96116, 1300, 18883, 0
411, 0, 50, 184, 174, 45, 7.79%, 2, 3, 3, 221.00, 97208, 1300, 18883, 0
416, 0, 50, 184, 174, 45, 7.79%, 2, 3, 3, 212.43, 98292, 1300, 18883, 0
421, 0, 50, 184, 174, 45, 7.79%, 2, 3, 3, 214.35, 99392, 1300, 18883, 0
427, 0, 50, 184, 174, 45, 7.79%, 2, 3, 3, 226.91, 100524, 1300, 18883, 0
432, 0, 50, 185, 175, 45, 7.83%, 2, 3, 3, 215.22, 101619, 1307, 18883, 0
437, 0, 50, 185, 175, 45, 7.83%, 2, 3, 3, 214.79, 102663, 1307, 18883, 0
442, 0, 50, 185, 175, 45, 7.83%, 2, 3, 3, 227.86, 103863, 1307, 18883, 0
447, 0, 50, 185, 175, 45, 7.83%, 2, 3, 3, 223.07, 104987, 1307, 18883, 0
452, 0, 50, 185, 175, 45, 7.83%, 2, 3, 3, 213.15, 106047, 1307, 18883, 0
457, 0, 32, 185, 173, 52, 7.83%, 2, 3, 3, 225.65, 107248, 1307, 18883, 0
463, 0, 34, 189, 176, 51, 7.90%, 2, 3, 3, 218.60, 108393, 1319, 18883, 0
468, 0, 34, 189, 176, 51, 7.90%, 2, 3, 3, 211.25, 109409, 1319, 18883, 0
473, 0, 45, 191, 173, 48, 7.90%, 2, 3, 3, 250.24, 110795, 1319, 18883, 0
478, 0, 57, 194, 172, 45, 7.91%, 2, 4, 4, 240.98, 111779, 1320, 18883, 0
483, 0, 57, 196, 174, 45, 7.91%, 2, 4, 4, 195.22, 112628, 1320, 18883, 0
488, 0, 57, 197, 175, 45, 7.91%, 2, 4, 4, 188.29, 113536, 1320, 18883, 0
493, 0, 66, 199, 175, 45, 7.94%, 2, 4, 4, 218.38, 114655, 1325, 18883, 0
498, 0, 184, 201, 172, 41, 7.94%, 2, 4, 4, 216.97, 115789, 1325, 18883, 0
504, 0, 184, 222, 193, 41, 7.97%, 2, 4, 4, 191.50, 116735, 1330, 18883, 0
509, 0, 184, 226, 197, 41, 7.97%, 2, 4, 4, 219.53, 117882, 1330, 18883, 0
514, 0, 184, 228, 199, 41, 7.97%, 2, 4, 4, 218.32, 118996, 1330, 18883, 0
519, 0, 184, 229, 200, 41, 7.97%, 2, 4, 4, 223.46, 120131, 1330, 18883, 0
524, 0, 184, 229, 200, 41, 7.97%, 2, 4, 4, 227.18, 121315, 1330, 18883, 0
529, 0, 184, 230, 201, 41, 7.97%, 2, 4, 4, 231.55, 122494, 1330, 18883, 0
534, 0, 184, 232, 203, 41, 7.97%, 2, 4, 4, 238.22, 123696, 1330, 18883, 0
539, 0, 184, 232, 203, 41, 7.97%, 2, 4, 4, 226.24, 124808, 1330, 18883, 0
544, 0, 184, 233, 204, 41, 7.97%, 2, 4, 4, 235.87, 126035, 1330, 18883, 0
549, 0, 184, 233, 204, 41, 7.97%, 2, 4, 4, 222.70, 127119, 1330, 18883, 0
554, 0, 184, 234, 205, 41, 7.97%, 2, 4, 4, 231.57, 128314, 1330, 18883, 0
559, 0, 184, 234, 205, 41, 7.97%, 2, 4, 4, 226.38, 129478, 1330, 18883, 0
565, 0, 184, 234, 205, 41, 7.97%, 2, 4, 4, 253.93, 130810, 1330, 18883, 0
570, 0, 184, 235, 206, 41, 7.97%, 2, 4, 4, 236.39, 132017, 1330, 18883, 0
575, 0, 184, 236, 207, 41, 7.97%, 2, 4, 4, 231.53, 133168, 1330, 18883, 0
580, 0, 184, 236, 207, 41, 7.97%, 2, 4, 4, 228.41, 134336, 1330, 18883, 0
585, 0, 184, 237, 208, 41, 7.97%, 2, 4, 4, 249.41, 135603, 1330, 18883, 0
590, 0, 184, 237, 208, 41, 7.97%, 2, 4, 4, 242.68, 136815, 1330, 18883, 0
595, 0, 184, 239, 210, 41, 7.99%, 2, 4, 4, 234.51, 138005, 1334, 18883, 0
600, 0, 184, 239, 210, 41, 7.99%, 2, 4, 4, 231.51, 139197, 1334, 18883, 0
605, 0, 184, 239, 210, 41, 7.99%, 2, 4, 4, 229.76, 140365, 1334, 18883, 0
610, 0, 184, 239, 210, 41, 7.99%, 2, 4, 4, 236.55, 141565, 1334, 18883, 0
615, 0, 184, 239, 210, 41, 7.99%, 2, 4, 4, 241.47, 142773, 1334, 18883, 0
620, 0, 184, 239, 210, 41, 7.99%, 2, 4, 4, 233.32, 143909, 1334, 18883, 0
625, 0, 184, 240, 211, 41, 7.99%, 2, 4, 4, 240.45, 145128, 1334, 18883, 0
630, 0, 184, 240, 211, 41, 7.99%, 2, 4, 4, 227.06, 146328, 1334, 18883, 0
636, 0, 184, 240, 211, 41, 7.99%, 2, 4, 4, 229.55, 147504, 1334, 18883, 0
641, 0, 184, 240, 211, 41, 7.99%, 2, 4, 4, 233.87, 148672, 1334, 18883, 0
646, 0, 184, 240, 211, 41, 7.99%, 2, 4, 4, 239.12, 149916, 1334, 18883, 0
651, 0, 184, 240, 211, 41, 7.99%, 2, 4, 4, 243.49, 151180, 1334, 18883, 0
656, 0, 184, 240, 211, 41, 7.99%, 2, 4, 4, 224.43, 152312, 1334, 18883, 0
661, 0, 184, 240, 211, 41, 7.99%, 2, 4, 4, 222.44, 153444, 1334, 18883, 0
666, 0, 184, 240, 211, 41, 7.99%, 2, 4, 4, 219.48, 154560, 1334, 18883, 0
671, 0, 91, 247, 212, 44, 8.27%, 2, 4, 4, 243.14, 155862, 1381, 18883, 0
677, 0, 123, 256, 218, 41, 8.32%, 2, 5, 4, 232.12, 156921, 1389, 18883, 0
682, 0, 123, 281, 243, 41, 8.48%, 2, 5, 4, 279.95, 158396, 1416, 18883, 0
687, 0, 123, 281, 243, 41, 8.48%, 2, 5, 4, 281.25, 159821, 1416, 18883, 0
692, 0, 123, 282, 244, 41, 8.48%, 2, 5, 4, 289.95, 161348, 1416, 18883, 0
697, 0, 123, 283, 245, 41, 8.48%, 2, 5, 4, 288.36, 162785, 1416, 18883, 0
702, 0, 123, 283, 245, 41, 8.48%, 2, 5, 4, 295.72, 164350, 1416, 18883, 0
707, 0, 123, 285, 247, 41, 8.48%, 2, 5, 4, 293.46, 165824, 1416, 18883, 0
712, 0, 123, 288, 250, 41, 8.50%, 2, 5, 4, 297.45, 167360, 1420, 18883, 0
717, 0, 123, 289, 251, 41, 8.50%, 2, 5, 4, 296.79, 168847, 1420, 18883, 0
722, 0, 99, 289, 249, 54, 8.50%, 2, 5, 4, 276.24, 170062, 1420, 18883, 0
727, 0, 135, 325, 277, 48, 8.83%, 2, 5, 4, 270.10, 171264, 1474, 18883, 0
733, 0, 135, 360, 312, 48, 9.18%, 2, 5, 4, 285.39, 172724, 1533, 18883, 0
738, 0, 135, 375, 327, 48, 9.21%, 2, 5, 4, 292.87, 174254, 1537, 18883, 0
743, 0, 135, 382, 334, 48, 9.21%, 2, 5, 4, 293.06, 175733, 1537, 18883, 0
748, 0, 135, 386, 338, 48, 9.21%, 2, 5, 4, 294.55, 177254, 1537, 18883, 0
753, 0, 135, 390, 342, 48, 9.21%, 2, 5, 4, 303.44, 178768, 1537, 18883, 0
758, 0, 135, 397, 349, 48, 9.21%, 2, 5, 4, 309.10, 180347, 1537, 18883, 0
763, 0, 135, 399, 351, 48, 9.21%, 2, 5, 4, 290.97, 181817, 1537, 18883, 0
768, 0, 135, 402, 354, 48, 9.21%, 2, 5, 4, 302.23, 183340, 1537, 18883, 0
773, 0, 143, 405, 355, 67, 9.21%, 2, 5, 4, 290.27, 184729, 1537, 18883, 0
778, 0, 180, 411, 360, 66, 9.21%, 2, 5, 4, 232.69, 185762, 1538, 18883, 0
783, 0, 180, 412, 361, 66, 9.21%, 2, 5, 4, 203.41, 186745, 1538, 18883, 0
788, 0, 180, 413, 362, 66, 9.21%, 2, 5, 4, 208.58, 187804, 1538, 18883, 0
794, 0, 180, 413, 362, 66, 9.21%, 2, 5, 4, 210.28, 188872, 1538, 18883, 0
799, 0, 180, 416, 365, 66, 9.21%, 2, 5, 4, 213.40, 189981, 1538, 18883, 0
804, 0, 180, 417, 366, 66, 9.21%, 2, 5, 4, 215.16, 191056, 1538, 18883, 0
809, 0, 180, 419, 368, 66, 9.21%, 2, 5, 4, 209.88, 192122, 1538, 18883, 0
814, 0, 180, 419, 368, 66, 9.21%, 2, 5, 4, 214.81, 193210, 1538, 18883, 0
819, 0, 180, 419, 368, 66, 9.21%, 2, 5, 4, 215.40, 194282, 1538, 18883, 0
824, 0, 357, 420, 366, 64, 9.21%, 2, 5, 4, 250.12, 195559, 1538, 18883, 0
829, 0, 158, 442, 386, 63, 9.21%, 2, 5, 4, 225.72, 196637, 1538, 18883, 0
834, 0, 158, 450, 394, 63, 9.21%, 2, 6, 4, 268.71, 197691, 1538, 18883, 0
839, 0, 158, 454, 398, 63, 9.21%, 2, 6, 4, 238.52, 198854, 1538, 18883, 0
845, 0, 158, 457, 401, 63, 9.21%, 2, 6, 4, 229.08, 199992, 1538, 18883, 0
850, 0, 158, 458, 402, 63, 9.21%, 2, 6, 4, 235.03, 201163, 1538, 18883, 0
855, 0, 158, 459, 403, 63, 9.21%, 2, 6, 4, 235.26, 202362, 1538, 18883, 0
860, 0, 158, 459, 403, 63, 9.21%, 2, 6, 4, 251.21, 203610, 1538, 18883, 0
865, 0, 158, 462, 406, 63, 9.21%, 2, 6, 4, 234.00, 204771, 1538, 18883, 0
870, 0, 158, 462, 406, 63, 9.21%, 2, 6, 4, 236.54, 205995, 1538, 18883, 0
875, 0, 158, 462, 406, 63, 9.21%, 2, 6, 4, 227.58, 207155, 1538, 18883, 0
880, 0, 158, 462, 406, 63, 9.21%, 2, 6, 4, 221.62, 208263, 1538, 18883, 0
885, 0, 165, 464, 407, 64, 9.21%, 2, 6, 4, 221.57, 209363, 1538, 18883, 0
890, 0, 165, 469, 412, 64, 9.21%, 2, 6, 4, 232.00, 210514, 1538, 18883, 0
896, 0, 165, 473, 416, 64, 9.21%, 2, 6, 4, 233.54, 211702, 1538, 18883, 0
901, 0, 165, 474, 417, 64, 9.21%, 2, 6, 4, 239.81, 212937, 1538, 18883, 0
906, 0, 165, 474, 417, 64, 9.21%, 2, 6, 4, 238.85, 214149, 1538, 18883, 0
911, 0, 165, 474, 417, 64, 9.21%, 2, 6, 4, 224.62, 215273, 1538, 18883, 0
916, 0, 165, 474, 417, 64, 9.21%, 2, 6, 4, 241.66, 216541, 1538, 18883, 0
921, 0, 165, 475, 418, 64, 9.21%, 2, 6, 4, 236.80, 217712, 1538, 18883, 0
926, 0, 165, 475, 418, 64, 9.21%, 2, 6, 4, 247.45, 218988, 1538, 18883, 0
931, 0, 165, 476, 419, 64, 9.21%, 2, 6, 4, 233.62, 220151, 1538, 18883, 0
936, 0, 165, 476, 419, 64, 9.21%, 2, 6, 4, 222.48, 221311, 1538, 18883, 0
942, 0, 175, 480, 422, 66, 9.21%, 2, 6, 4, 216.48, 222461, 1538, 18883, 0
947, 0, 192, 482, 417, 60, 9.22%, 2, 6, 5, 236.88, 223726, 1539, 18883, 0
952, 0, 459, 485, 419, 59, 9.22%, 2, 6, 5, 223.03, 224858, 1539, 18883, 0
957, 0, 242, 495, 428, 59, 9.35%, 2, 6, 5, 263.84, 226255, 1562, 18883, 0
962, 0, 242, 496, 429, 59, 9.39%, 2, 6, 5, 291.31, 227757, 1568, 18883, 0
967, 0, 242, 496, 429, 59, 9.39%, 2, 6, 5, 302.02, 229283, 1568, 18883, 0
972, 0, 242, 496, 429, 59, 9.39%, 2, 6, 5, 308.47, 230831, 1568, 18883, 0
977, 0, 242, 496, 429, 59, 9.39%, 2, 6, 5, 285.66, 232242, 1568, 18883, 0
982, 0, 242, 496, 429, 59, 9.39%, 2, 6, 5, 279.47, 233637, 1568, 18883, 0
987, 0, 242, 496, 429, 59, 9.39%, 2, 6, 5, 274.94, 235057, 1568, 18883, 0
993, 0, 364, 501, 431, 66, 9.41%, 2, 6, 5, 249.87, 236041, 1571, 18883, 0
998, 0, 364, 508, 438, 66, 9.44%, 2, 6, 5, 287.62, 237534, 1576, 18883, 0
1003, 0, 364, 517, 447, 66, 9.49%, 2, 6, 5, 298.24, 239097, 1585, 18883, 0
1008, 0, 364, 525, 455, 66, 9.51%, 2, 6, 5, 299.22, 240648, 1588, 18883, 0
1013, 0, 364, 528, 458, 66, 9.56%, 2, 6, 5, 301.35, 242218, 1596, 18883, 0
1018, 0, 364, 531, 461, 66, 9.56%, 2, 6, 5, 295.56, 243745, 1596, 18883, 0
1023, 0, 364, 538, 468, 66, 9.56%, 2, 6, 5, 295.96, 245239, 1596, 18883, 0
1028, 0, 364, 544, 474, 66, 9.59%, 2, 6, 5, 298.66, 246736, 1601, 18883, 0
1033, 0, 364, 549, 479, 66, 9.75%, 2, 6, 5, 299.67, 248241, 1628, 18883, 0
1038, 0, 210, 555, 483, 76, 9.75%, 2, 6, 5, 297.59, 249725, 1628, 18883, 0
1043, 0, 210, 559, 487, 76, 9.75%, 2, 6, 5, 273.26, 251058, 1628, 18883, 0
1049, 0, 210, 560, 488, 76, 9.75%, 2, 6, 5, 249.61, 252255, 1628, 18883, 0
1054, 0, 210, 561, 489, 76, 9.75%, 2, 6, 5, 253.08, 253503, 1628, 18883, 0
1059, 0, 210, 562, 490, 76, 9.75%, 2, 6, 5, 254.06, 254779, 1628, 18883, 0
1064, 0, 210, 562, 490, 76, 9.75%, 2, 6, 5, 273.34, 256204, 1628, 18883, 0
1069, 0, 210, 562, 490, 76, 9.75%, 2, 6, 5, 250.06, 257426, 1628, 18883, 0
1074, 0, 210, 562, 490, 76, 9.75%, 2, 6, 5, 245.90, 258729, 1628, 18883, 0
1079, 0, 508, 563, 487, 73, 9.75%, 2, 6, 5, 249.42, 260020, 1628, 18883, 0
1084, 0, 508, 580, 504, 73, 9.82%, 2, 6, 5, 286.65, 261504, 1639, 18883, 0
1089, 0, 508, 585, 509, 73, 9.85%, 2, 6, 5, 300.83, 263034, 1645, 18883, 0
1094, 0, 508, 588, 512, 73, 9.86%, 2, 6, 5, 299.89, 264545, 1646, 18883, 0
1099, 0, 508, 589, 513, 73, 9.86%, 2, 6, 5, 297.98, 266052, 1646, 18883, 0
1105, 0, 508, 591, 515, 73, 9.88%, 2, 6, 5, 301.19, 267612, 1650, 18883, 0
1110, 0, 508, 595, 519, 73, 9.89%, 2, 6, 5, 295.06, 269094, 1652, 18883, 0
1115, 0, 251, 596, 517, 83, 9.89%, 2, 6, 5, 293.95, 270580, 1652, 18883, 0
1120, 0, 527, 600, 518, 80, 9.91%, 2, 6, 5, 290.89, 272070, 1655, 18883, 0
1125, 0, 527, 605, 523, 80, 9.92%, 2, 6, 5, 297.18, 273555, 1657, 18883, 0
1130, 0, 527, 606, 524, 80, 9.92%, 2, 6, 5, 292.56, 275012, 1657, 18883, 0
1135, 0, 527, 607, 525, 80, 9.92%, 2, 6, 5, 296.18, 276554, 1657, 18883, 0
1140, 0, 527, 607, 525, 80, 9.92%, 2, 6, 5, 298.17, 278054, 1657, 18883, 0
1145, 0, 527, 608, 526, 80, 9.92%, 2, 6, 5, 296.35, 279566, 1657, 18883, 0
1150, 0, 527, 610, 528, 80, 9.94%, 2, 6, 5, 293.76, 281030, 1659, 18883, 0
1155, 0, 527, 610, 528, 80, 9.94%, 2, 6, 5, 301.06, 282555, 1659, 18883, 0
1160, 0, 322, 612, 528, 79, 9.94%, 2, 6, 5, 295.81, 284021, 1659, 18883, 0
1166, 0, 496, 612, 520, 71, 9.94%, 2, 6, 5, 266.07, 285084, 1659, 18883, 0
1171, 0, 568, 622, 526, 67, 10.02%, 2, 6, 6, 280.76, 286397, 1673, 18883, 0
1176, 0, 578, 635, 537, 75, 10.05%, 2, 6, 6, 300.94, 287952, 1678, 18883, 0
1181, 0, 578, 643, 545, 75, 10.07%, 2, 6, 6, 296.87, 289470, 1681, 18883, 0
1186, 0, 578, 645, 547, 75, 10.07%, 2, 6, 6, 303.20, 291010, 1681, 18883, 0
1191, 0, 578, 647, 549, 75, 10.07%, 2, 6, 6, 297.97, 292523, 1681, 18883, 0
1196, 0, 578, 650, 552, 75, 10.07%, 2, 6, 6, 301.58, 294045, 1681, 18883, 0
1201, 0, 578, 653, 555, 75, 10.07%, 2, 6, 6, 304.33, 295596, 1681, 18883, 0
1206, 0, 513, 658, 558, 80, 10.07%, 2, 6, 6, 301.43, 297139, 1681, 18883, 0
1211, 0, 573, 658, 553, 75, 10.07%, 2, 6, 6, 304.27, 298686, 1681, 18883, 0
1216, 0, 551, 664, 557, 73, 10.07%, 2, 6, 6, 297.55, 300205, 1682, 18883, 0
1221, 0, 551, 666, 559, 73, 10.07%, 2, 6, 6, 300.24, 301767, 1682, 18883, 0
1227, 0, 551, 667, 560, 73, 10.07%, 2, 6, 6, 297.71, 303301, 1682, 18883, 0
1232, 0, 551, 667, 560, 73, 10.07%, 2, 6, 6, 303.27, 304834, 1682, 18883, 0
1237, 0, 551, 668, 561, 73, 10.07%, 2, 6, 6, 301.58, 306365, 1682, 18883, 0
1242, 0, 551, 669, 562, 73, 10.07%, 2, 6, 6, 306.52, 307908, 1682, 18883, 0
1247, 0, 551, 669, 562, 73, 10.07%, 2, 6, 6, 300.08, 309420, 1682, 18883, 0
1252, 0, 551, 670, 563, 73, 10.07%, 2, 6, 6, 301.20, 310945, 1682, 18883, 0
1257, 0, 570, 672, 563, 72, 10.07%, 2, 6, 6, 285.56, 312390, 1682, 18883, 0
1262, 0, 585, 675, 565, 71, 10.07%, 2, 7, 6, 268.99, 313522, 1682, 18883, 0
1267, 0, 662, 677, 565, 70, 10.07%, 2, 7, 6, 272.94, 314949, 1682, 18883, 0
1272, 0, 610, 678, 559, 63, 10.07%, 2, 7, 6, 280.13, 316404, 1682, 18883, 0
1277, 0, 610, 683, 564, 63, 10.07%, 2, 7, 6, 282.81, 317829, 1682, 18883, 0
1282, 0, 610, 685, 566, 63, 10.07%, 2, 7, 6, 296.74, 319323, 1682, 18883, 0
1288, 0, 610, 686, 567, 63, 10.07%, 2, 7, 6, 293.14, 320825, 1682, 18883, 0
1293, 0, 610, 689, 570, 63, 10.07%, 2, 7, 6, 295.35, 322351, 1682, 18883, 0
1298, 0, 610, 691, 572, 63, 10.07%, 2, 7, 6, 301.43, 323923, 1682, 18883, 0
1303, 0, 610, 692, 573, 63, 10.07%, 2, 7, 6, 291.03, 325422, 1682, 18883, 0
1308, 0, 610, 693, 574, 63, 10.07%, 2, 7, 6, 291.99, 326924, 1682, 18883, 0
1313, 0, 610, 694, 575, 63, 10.07%, 2, 7, 6, 287.37, 328361, 1682, 18883, 0
1318, 0, 395, 696, 574, 61, 10.07%, 2, 7, 6, 287.64, 329809, 1682, 18883, 0
1323, 0, 618, 701, 578, 60, 10.07%, 2, 7, 7, 286.51, 331254, 1682, 18883, 0
1328, 0, 618, 702, 579, 60, 10.09%, 2, 7, 7, 292.54, 332711, 1685, 18883, 0
1334, 0, 618, 705, 582, 60, 10.09%, 2, 7, 7, 299.10, 334262, 1685, 18883, 0
1339, 0, 618, 705, 582, 60, 10.09%, 2, 7, 7, 296.55, 335812, 1685, 18883, 0
1344, 0, 618, 706, 583, 60, 10.10%, 2, 7, 7, 296.33, 337284, 1686, 18883, 0
1349, 0, 618, 707, 584, 60, 10.10%, 2, 7, 7, 291.93, 338801, 1686, 18883, 0
1354, 0, 618, 708, 585, 60, 10.12%, 2, 7, 7, 291.16, 340278, 1690, 18883, 0
1359, 0, 618, 709, 586, 60, 10.12%, 2, 7, 7, 294.38, 341810, 1690, 18883, 0
1364, 0, 403, 712, 587, 60, 10.12%, 2, 7, 7, 289.58, 343267, 1690, 18883, 0
1369, 0, 403, 716, 591, 60, 10.12%, 2, 7, 7, 290.97, 344780, 1690, 18883, 0
1375, 0, 403, 716, 591, 60, 10.12%, 2, 7, 7, 291.11, 346285, 1690, 18883, 0
1380, 0, 403, 718, 593, 60, 10.12%, 2, 7, 7, 281.64, 347704, 1690, 18883, 0
1385, 0, 403, 718, 593, 60, 10.12%, 2, 7, 7, 291.02, 349209, 1690, 18883, 0
1390, 0, 403, 718, 593, 60, 10.12%, 2, 7, 7, 300.38, 350788, 1690, 18883, 0
1395, 0, 403, 718, 593, 60, 10.12%, 2, 7, 7, 297.82, 352339, 1690, 18883, 0
1400, 0, 403, 718, 593, 60, 10.12%, 2, 7, 7, 298.25, 353884, 1690, 18883, 0
1406, 0, 403, 718, 593, 60, 10.12%, 2, 7, 7, 298.62, 355424, 1690, 18883, 0
1411, 0, 410, 719, 593, 59, 10.12%, 2, 7, 7, 252.31, 356552, 1690, 18883, 0
1416, 0, 715, 721, 591, 56, 10.12%, 2, 7, 7, 256.43, 357837, 1690, 18883, 0
1421, 0, 455, 723, 590, 53, 10.12%, 2, 7, 7, 270.38, 359240, 1690, 18883, 0
1426, 0, 571, 723, 585, 48, 10.12%, 2, 7, 7, 269.49, 360642, 1690, 18883, 0
1431, 0, 473, 725, 583, 45, 10.12%, 2, 7, 7, 268.34, 362088, 1690, 18883, 0
1436, 0, 544, 728, 584, 43, 10.12%, 2, 7, 7, 270.36, 363365, 1690, 18883, 0
1441, 0, 595, 729, 581, 40, 10.12%, 2, 7, 7, 291.06, 364926, 1690, 18883, 0
1446, 0, 491, 729, 577, 36, 10.12%, 2, 7, 7, 297.72, 366480, 1690, 18883, 0
1452, 0, 642, 731, 575, 32, 10.12%, 2, 7, 7, 297.55, 367986, 1690, 18883, 0
1457, 0, 561, 731, 570, 28, 10.12%, 2, 7, 7, 288.79, 369481, 1690, 18883, 0
1462, 0, 577, 733, 567, 25, 10.12%, 2, 7, 7, 293.76, 370965, 1690, 18883, 0
1467, 0, 608, 736, 565, 20, 10.12%, 2, 7, 8, 297.63, 372491, 1690, 18883, 0
1472, 0, 705, 742, 568, 17, 10.13%, 2, 7, 8, 296.54, 373967, 1691, 18883, 0
1477, 0, 705, 755, 581, 17, 10.18%, 2, 7, 8, 296.51, 375463, 1699, 18883, 0
1482, 0, 705, 757, 583, 17, 10.19%, 2, 7, 8, 295.77, 376992, 1702, 18883, 0
1487, 0, 705, 759, 585, 17, 10.19%, 2, 7, 8, 294.41, 378526, 1702, 18883, 0
1493, 0, 705, 759, 585, 17, 10.19%, 2, 7, 8, 299.53, 380086, 1702, 18883, 0
1498, 0, 705, 759, 585, 17, 10.19%, 2, 7, 8, 299.83, 381640, 1702, 18883, 0
1503, 0, 705, 764, 590, 17, 10.19%, 2, 7, 8, 298.69, 383131, 1702, 18883, 0
1508, 0, 705, 764, 590, 17, 10.19%, 2, 7, 8, 299.94, 384691, 1702, 18883, 0
1513, 0, 705, 766, 592, 17, 10.20%, 2, 7, 8, 300.94, 386267, 1703, 18883, 0
1518, 0, 755, 769, 593, 20, 10.20%, 2, 7, 9, 298.68, 387806, 1703, 18883, 0
1523, 0, 755, 769, 593, 20, 10.20%, 2, 7, 9, 299.85, 389329, 1703, 18883, 0
1528, 0, 765, 772, 594, 17, 10.21%, 2, 7, 9, 255.07, 390556, 1705, 18883, 0
1533, 0, 765, 773, 595, 17, 10.21%, 2, 9, 9, 8.42, 391230, 1705, 18883, 0
1539, 0, 765, 774, 596, 17, 10.21%, 2, 10, 9, 232.23, 392073, 1705, 18883, 0
1544, 0, 765, 778, 600, 17, 10.21%, 2, 10, 9, 225.51, 393066, 1705, 18883, 0
1549, 0, 765, 780, 602, 17, 10.21%, 2, 10, 9, 211.88, 394069, 1705, 18883, 0
1554, 0, 765, 781, 603, 17, 10.21%, 2, 10, 9, 219.47, 395181, 1705, 18883, 0
1559, 0, 765, 783, 605, 17, 10.28%, 2, 10, 9, 225.07, 396343, 1716, 18883, 0
1565, 0, 765, 783, 605, 17, 10.28%, 2, 11, 9, 15.07, 397350, 1716, 18883, 0
1570, 0, 765, 786, 608, 17, 10.28%, 2, 11, 9, 218.95, 398460, 1717, 18883, 0
1575, 0, 765, 787, 609, 17, 10.28%, 2, 11, 9, 224.56, 399603, 1717, 18883, 0
1580, 0, 617, 788, 603, 18, 10.28%, 2, 11, 9, 271.12, 401078, 1717, 18883, 0
1585, 0, 731, 789, 600, 14, 10.28%, 2, 11, 9, 284.13, 402538, 1717, 18883, 0
1590, 0, 785, 791, 600, 12, 10.28%, 2, 11, 10, 284.56, 403976, 1717, 18883, 0
1595, 0, 785, 794, 603, 12, 10.37%, 2, 11, 10, 290.56, 405418, 1732, 18883, 0
1600, 0, 785, 798, 607, 12, 10.37%, 2, 11, 10, 292.13, 406837, 1732, 18883, 0
1605, 0, 785, 798, 607, 12, 10.37%, 2, 11, 10, 268.59, 408174, 1732, 18883, 0
1610, 0, 785, 798, 607, 12, 10.37%, 2, 11, 10, 274.26, 409576, 1732, 18883, 0
1615, 0, 785, 799, 608, 12, 10.37%, 2, 11, 10, 283.10, 411058, 1732, 18883, 0
1621, 0, 785, 801, 610, 12, 10.37%, 2, 11, 10, 279.63, 412199, 1732, 18883, 0
1626, 0, 627, 802, 609, 12, 10.37%, 2, 11, 10, 280.79, 413639, 1732, 18883, 0
1631, 0, 792, 807, 612, 11, 10.37%, 2, 11, 11, 291.19, 415128, 1732, 18883, 0
1636, 0, 792, 807, 612, 11, 10.37%, 2, 11, 11, 287.63, 416573, 1732, 18883, 0
1641, 0, 792, 810, 615, 11, 10.40%, 2, 11, 11, 284.03, 417980, 1736, 18883, 0
1646, 0, 792, 811, 616, 11, 10.40%, 2, 11, 11, 289.62, 419428, 1736, 18883, 0
1651, 0, 792, 812, 617, 11, 10.40%, 2, 11, 11, 296.34, 420920, 1736, 18883, 0
1656, 0, 747, 813, 615, 10, 10.41%, 2, 11, 11, 298.55, 422445, 1738, 18883, 0
1661, 0, 802, 815, 614, 9, 10.41%, 2, 11, 11, 292.64, 423941, 1738, 18883, 0
1666, 0, 769, 818, 614, 6, 10.41%, 2, 11, 11, 278.63, 425363, 1738, 18883, 0
1672, 0, 771, 819, 614, 6, 10.41%, 2, 11, 11, 261.70, 426821, 1738, 18883, 0
1677, 0, 771, 820, 615, 6, 10.41%, 2, 12, 11, 175.89, 427258, 1738, 18883, 0
1682, 0, 807, 822, 615, 4, 10.41%, 2, 12, 12, 266.73, 428767, 1738, 18883, 0
1688, 0, 676, 822, 612, 1, 10.41%, 2, 12, 12, 284.67, 430229, 1738, 18883, 0
1693, 0, 676, 822, 609, 0, 10.41%, 2, 12, 12, 304.37, 431823, 1738, 18883, 0
1698, 0, 270, 822, 607, 0, 10.41%, 2, 12, 12, 297.35, 433339, 1738, 18883, 0
1703, 0, 430, 822, 606, 0, 10.41%, 2, 12, 12, 246.86, 434455, 1738, 18883, 0
1708, 0, 756, 823, 605, 0, 10.41%, 2, 12, 12, 283.57, 435929, 1738, 18883, 0
1713, 0, 348, 824, 605, 0, 10.41%, 2, 12, 12, 246.82, 437226, 1738, 18883, 0
1718, 0, 472, 826, 606, 0, 10.41%, 2, 12, 12, 230.14, 438374, 1738, 18883, 0
1723, 0, 639, 826, 605, 0, 10.41%, 2, 12, 12, 243.18, 439548, 1738, 18883, 0
1728, 0, 608, 827, 603, 0, 10.41%, 2, 12, 12, 271.50, 440955, 1738, 18883, 0
1733, 0, 819, 827, 603, 0, 10.41%, 2, 12, 12, 223.69, 442128, 1738, 18883, 0
1738, 0, 575, 827, 600, 0, 10.41%, 2, 12, 12, 267.17, 443552, 1738, 18883, 0
1743, 0, 806, 829, 601, 0, 10.41%, 2, 12, 12, 279.43, 444996, 1738, 18883, 0
1748, 0, 412, 830, 601, 0, 10.41%, 2, 12, 12, 256.96, 446151, 1738, 18883, 0
1754, 0, 412, 832, 603, 0, 10.41%, 2, 12, 12, 183.74, 446979, 1738, 18883, 0
1759, 0, 224, 832, 602, 0, 10.41%, 2, 12, 12, 184.49, 447904, 1738, 18883, 0
1765, 0, 824, 833, 601, 0, 10.42%, 2, 12, 12, 227.54, 449196, 1739, 18883, 0
1770, 0, 524, 833, 599, 0, 10.42%, 2, 12, 12, 260.10, 450559, 1739, 18883, 0
1775, 0, 581, 835, 600, 0, 10.42%, 2, 12, 12, 286.57, 452073, 1739, 18883, 0
1780, 0, 457, 836, 601, 0, 10.42%, 2, 12, 12, 281.03, 453439, 1739, 18883, 0
1785, 0, 457, 838, 603, 0, 10.42%, 2, 12, 12, 239.06, 454577, 1739, 18883, 0
1790, 0, 771, 839, 602, 0, 10.42%, 2, 13, 12, 156.71, 455215, 1739, 18883, 0
1795, 0, 712, 839, 602, 0, 10.42%, 2, 13, 12, 209.68, 456299, 1739, 18883, 0
1800, 0, 764, 842, 604, 0, 10.42%, 2, 13, 12, 266.87, 457734, 1739, 18883, 0
1805, 0, 761, 843, 601, 0, 10.42%, 2, 13, 12, 281.74, 459209, 1739, 18883, 0
1811, 0, 467, 844, 600, 0, 10.42%, 2, 13, 12, 270.86, 460550, 1739, 18883, 0
1816, 0, 750, 844, 598, 0, 10.42%, 2, 13, 12, 282.29, 462005, 1739, 18883, 0
1821, 0, 191, 844, 596, 0, 10.42%, 2, 13, 12, 250.68, 463231, 1739, 18883, 0
1827, 0, 79, 844, 594, 0, 10.42%, 2, 13, 12, 280.93, 465011, 1739, 18883, 0
1832, 0, 781, 844, 590, 0, 10.42%, 2, 13, 12, 287.39, 466464, 1739, 18883, 0
1838, 0, 807, 846, 587, 0, 10.43%, 2, 13, 12, 268.27, 467829, 1741, 18883, 0
1843, 0, 846, 852, 592, 1, 10.54%, 2, 13, 12, 280.63, 469270, 1760, 18883, 0
1848, 0, 846, 855, 595, 1, 10.58%, 2, 13, 12, 288.45, 470726, 1766, 18883, 0
1853, 0, 846, 859, 599, 1, 10.58%, 2, 13, 12, 297.46, 472239, 1767, 18883, 0
1858, 0, 846, 868, 608, 1, 10.60%, 2, 13, 12, 302.14, 473765, 1770, 18883, 0
1863, 0, 846, 868, 608, 1, 10.60%, 2, 13, 12, 298.72, 475307, 1770, 18883, 0
1868, 0, 846, 869, 609, 1, 10.60%, 2, 13, 12, 301.49, 476820, 1770, 18883, 0
1873, 0, 846, 869, 609, 1, 10.60%, 2, 13, 12, 299.55, 478364, 1770, 18883, 0
1878, 0, 846, 869, 609, 1, 10.60%, 2, 13, 12, 296.73, 479899, 1770, 18883, 0
1884, 0, 846, 870, 610, 1, 10.60%, 2, 13, 12, 296.70, 481436, 1770, 18883, 0
1889, 0, 852, 879, 616, 7, 10.62%, 2, 13, 12, 287.73, 482887, 1774, 18883, 0
1894, 0, 852, 883, 620, 7, 10.62%, 2, 13, 12, 295.65, 484420, 1774, 18883, 0
1899, 0, 852, 885, 622, 7, 10.62%, 2, 13, 12, 300.03, 485947, 1774, 18883, 0
1904, 0, 852, 886, 623, 7, 10.62%, 2, 13, 12, 297.01, 487481, 1774, 18883, 0
1909, 0, 852, 889, 626, 7, 10.63%, 2, 13, 12, 295.50, 489002, 1775, 18883, 0
1914, 0, 852, 889, 626, 7, 10.63%, 2, 13, 12, 297.26, 490542, 1775, 18883, 0
1919, 0, 852, 889, 626, 7, 10.63%, 2, 13, 12, 295.04, 492072, 1775, 18883, 0
1925, 0, 852, 890, 627, 7, 10.63%, 2, 13, 12, 294.12, 493594, 1775, 18883, 0
1930, 0, 855, 890, 626, 10, 10.63%, 2, 13, 12, 298.93, 495099, 1775, 18883, 0
1935, 0, 878, 894, 626, 8, 10.63%, 2, 13, 12, 296.72, 496605, 1775, 18883, 0
1940, 0, 878, 898, 630, 8, 10.64%, 2, 13, 12, 297.32, 498123, 1776, 18883, 0
1945, 0, 878, 899, 631, 8, 10.64%, 2, 13, 12, 294.21, 499670, 1776, 18883, 0
1950, 0, 878, 900, 632, 8, 10.64%, 2, 14, 12, 275.86, 500789, 1776, 18883, 0
1955, 0, 878, 901, 633, 8, 10.64%, 2, 14, 12, 286.60, 502290, 1776, 18883, 0
1961, 0, 878, 902, 634, 8, 10.75%, 2, 14, 12, 291.22, 503807, 1795, 18883, 0
1966, 0, 878, 902, 634, 8, 10.75%, 2, 14, 12, 279.04, 505212, 1795, 18883, 0
1971, 0, 878, 902, 634, 8, 10.75%, 2, 14, 12, 277.35, 506597, 1795, 18883, 0
1976, 0, 878, 902, 634, 8, 10.75%, 2, 14, 12, 269.70, 507987, 1795, 18883, 0
1981, 0, 858, 907, 638, 9, 10.82%, 2, 14, 12, 270.09, 509352, 1807, 18883, 0
1986, 0, 858, 910, 641, 9, 10.82%, 2, 14, 12, 269.71, 510703, 1807, 18883, 0
1991, 0, 858, 910, 641, 9, 10.82%, 2, 14, 12, 273.00, 512083, 1807, 18883, 0
1996, 0, 858, 910, 641, 9, 10.82%, 2, 14, 12, 275.90, 513463, 1807, 18883, 0
2001, 0, 858, 910, 641, 9, 10.82%, 2, 14, 12, 287.19, 514963, 1807, 18883, 0
2006, 0, 858, 910, 641, 9, 10.82%, 2, 14, 12, 283.68, 516373, 1807, 18883, 0
2011, 0, 858, 910, 641, 9, 10.82%, 2, 14, 12, 287.83, 517818, 1807, 18883, 0
2016, 0, 858, 910, 641, 9, 10.82%, 2, 14, 12, 296.25, 519313, 1807, 18883, 0
2021, 0, 858, 911, 642, 9, 10.82%, 2, 14, 12, 275.12, 520755, 1807, 18883, 0
2026, 0, 908, 915, 644, 8, 10.83%, 2, 14, 12, 274.18, 522136, 1809, 18883, 0
2032, 0, 908, 935, 664, 8, 10.83%, 2, 14, 12, 282.19, 523550, 1809, 18883, 0
2037, 0, 908, 942, 671, 8, 10.84%, 2, 14, 12, 279.42, 524964, 1810, 18883, 0
2042, 0, 908, 946, 675, 8, 10.84%, 2, 14, 12, 281.37, 526372, 1810, 18883, 0
2047, 0, 908, 948, 677, 8, 10.84%, 2, 14, 12, 287.16, 527816, 1810, 18883, 0
2052, 0, 908, 951, 680, 8, 10.84%, 2, 14, 12, 293.17, 529332, 1810, 18883, 0
2057, 0, 908, 952, 681, 8, 10.84%, 2, 14, 12, 293.97, 530869, 1810, 18883, 0
2062, 0, 908, 952, 681, 8, 10.84%, 2, 14, 12, 292.67, 532369, 1810, 18883, 0
2067, 0, 908, 953, 682, 8, 10.84%, 2, 14, 12, 294.34, 533841, 1810, 18883, 0
2072, 0, 908, 954, 683, 8, 10.84%, 2, 14, 12, 292.38, 535348, 1810, 18883, 0
2077, 0, 908, 955, 684, 8, 10.84%, 2, 14, 12, 288.12, 536851, 1810, 18883, 0
2083, 0, 908, 956, 685, 8, 10.84%, 2, 14, 12, 286.52, 538343, 1810, 18883, 0
2088, 0, 908, 957, 686, 8, 10.84%, 2, 14, 12, 284.72, 539790, 1810, 18883, 0
2093, 0, 908, 957, 686, 8, 10.84%, 2, 14, 12, 278.43, 541165, 1810, 18883, 0
2098, 0, 908, 957, 686, 8, 10.84%, 2, 14, 12, 285.85, 542610, 1810, 18883, 0
2103, 0, 908, 957, 686, 8, 10.84%, 2, 14, 12, 291.41, 544120, 1810, 18883, 0
2108, 0, 908, 957, 686, 8, 10.84%, 2, 14, 12, 295.22, 545655, 1810, 18883, 0
2113, 0, 908, 958, 687, 8, 10.86%, 2, 14, 12, 297.96, 547142, 1813, 18883, 0
2118, 0, 908, 959, 688, 8, 10.86%, 2, 14, 12, 295.31, 548684, 1813, 18883, 0
2124, 0, 908, 959, 688, 8, 10.86%, 2, 14, 12, 292.58, 550204, 1813, 18883, 0
2129, 0, 908, 959, 688, 8, 10.86%, 2, 14, 12, 300.92, 551701, 1813, 18883, 0
2134, 0, 908, 960, 689, 8, 10.86%, 2, 14, 12, 294.62, 553166, 1813, 18883, 0
2139, 0, 908, 960, 689, 8, 10.86%, 2, 14, 12, 289.84, 554661, 1813, 18883, 0
2144, 0, 908, 960, 689, 8, 10.86%, 2, 14, 12, 280.31, 556071, 1813, 18883, 0
2149, 0, 908, 960, 689, 8, 10.86%, 2, 14, 12, 274.92, 557431, 1813, 18883, 0
2154, 0, 908, 960, 689, 8, 10.86%, 2, 14, 12, 280.47, 558831, 1813, 18883, 0
2159, 0, 908, 961, 690, 8, 10.86%, 2, 14, 12, 282.72, 560313, 1813, 18883, 0
2164, 0, 908, 961, 690, 8, 10.86%, 2, 14, 12, 284.18, 561718, 1813, 18883, 0
2169, 0, 908, 962, 691, 8, 10.86%, 2, 14, 12, 291.12, 563245, 1813, 18883, 0
2174, 0, 908, 962, 691, 8, 10.86%, 2, 14, 12, 286.14, 564685, 1813, 18883, 0
2179, 0, 908, 962, 691, 8, 10.86%, 2, 14, 12, 281.01, 566105, 1813, 18883, 0
2184, 0, 908, 962, 691, 8, 10.86%, 2, 14, 12, 288.66, 567585, 1813, 18883, 0
2189, 0, 908, 962, 691, 8, 10.86%, 2, 14, 12, 284.03, 569020, 1813, 18883, 0
2194, 0, 908, 962, 691, 8, 10.86%, 2, 14, 12, 279.38, 570410, 1813, 18883, 0
2199, 0, 908, 962, 691, 8, 10.86%, 2, 14, 12, 289.16, 571860, 1813, 18883, 0
2205, 0, 908, 964, 693, 8, 10.86%, 2, 14, 12, 291.63, 573338, 1813, 18883, 0
2210, 0, 950, 965, 690, 11, 10.86%, 2, 14, 12, 241.18, 574479, 1813, 18883, 0
2215, 0, 910, 967, 687, 7, 10.86%, 2, 14, 12, 246.00, 575836, 1813, 18883, 0
2220, 0, 910, 969, 689, 7, 10.86%, 2, 14, 12, 187.78, 576702, 1813, 18883, 0
2225, 0, 896, 975, 694, 7, 10.98%, 2, 14, 12, 259.89, 578031, 1834, 18883, 0
2230, 0, 896, 977, 696, 7, 10.98%, 2, 14, 12, 287.46, 579500, 1834, 18883, 0
2235, 0, 896, 979, 698, 7, 10.98%, 2, 14, 12, 293.52, 581039, 1834, 18883, 0
2240, 0, 896, 979, 698, 7, 10.98%, 2, 14, 12, 294.74, 582569, 1834, 18883, 0
2246, 0, 896, 981, 700, 7, 10.99%, 2, 14, 12, 297.44, 584108, 1835, 18883, 0
2251, 0, 896, 981, 700, 7, 10.99%, 2, 14, 12, 294.45, 585588, 1835, 18883, 0
2256, 0, 896, 981, 700, 7, 10.99%, 2, 14, 12, 290.51, 587038, 1835, 18883, 0
2261, 0, 896, 981, 700, 7, 10.99%, 2, 14, 12, 293.31, 588573, 1835, 18883, 0
2266, 0, 930, 982, 700, 14, 11.00%, 2, 14, 12, 293.92, 590046, 1836, 18883, 0
2271, 0, 956, 995, 711, 12, 11.01%, 2, 14, 12, 293.40, 591515, 1839, 18883, 0
2276, 0, 956, 996, 712, 12, 11.01%, 2, 14, 12, 291.63, 593037, 1839, 18883, 0
2281, 0, 956, 1000, 716, 12, 11.01%, 2, 14, 12, 288.78, 594525, 1839, 18883, 0
2286, 0, 956, 1001, 717, 12, 11.01%, 2, 14, 12, 285.03, 595957, 1839, 18883, 0
2291, 0, 956, 1001, 717, 12, 11.01%, 2, 14, 12, 300.32, 597472, 1839, 18883, 0
2297, 0, 956, 1004, 720, 12, 11.01%, 2, 14, 12, 293.07, 598993, 1839, 18883, 0
2302, 0, 956, 1004, 720, 12, 11.01%, 2, 14, 12, 296.29, 600528, 1839, 18883, 0
2307, 0, 956, 1005, 721, 12, 11.01%, 2, 14, 12, 292.52, 602035, 1839, 18883, 0
2312, 0, 956, 1006, 722, 12, 11.01%, 2, 14, 12, 283.94, 603522, 1839, 18883, 0
2317, 0, 973, 1008, 717, 6, 11.02%, 2, 14, 12, 286.26, 604949, 1840, 18883, 0
2322, 0, 983, 1010, 715, 6, 11.04%, 2, 14, 12, 277.18, 606426, 1843, 18883, 0
2327, 0, 1009, 1021, 725, 5, 11.29%, 2, 14, 12, 234.50, 607555, 1885, 18883, 0
2333, 0, 1009, 1024, 728, 5, 11.29%, 2, 14, 12, 230.27, 608494, 1885, 18883, 0
2338, 0, 1009, 1028, 732, 5, 11.30%, 2, 14, 12, 209.46, 609558, 1886, 18883, 0
2343, 0, 1009, 1031, 735, 5, 11.32%, 2, 14, 12, 210.44, 610639, 1890, 18883, 0
2348, 0, 1009, 1033, 737, 5, 11.32%, 2, 14, 12, 201.87, 611659, 1890, 18883, 0
2353, 0, 1009, 1034, 738, 5, 11.32%, 2, 14, 12, 203.96, 612717, 1890, 18883, 0
2358, 0, 1009, 1035, 739, 5, 11.39%, 2, 14, 12, 209.26, 613792, 1901, 18883, 0
2363, 0, 1009, 1037, 741, 5, 11.39%, 2, 15, 12, 216.94, 614549, 1901, 18883, 0
2368, 0, 1009, 1041, 745, 5, 11.39%, 2, 16, 12, 177.03, 615383, 1902, 18883, 0
2373, 0, 1009, 1043, 747, 5, 11.39%, 2, 16, 12, 186.48, 616330, 1902, 18883, 0
2379, 0, 1007, 1047, 748, 10, 11.39%, 2, 16, 12, 245.65, 617620, 1902, 18883, 0
2384, 0, 1007, 1048, 749, 10, 11.39%, 2, 16, 12, 245.83, 618871, 1902, 18883, 0
2389, 0, 1007, 1049, 750, 10, 11.39%, 2, 16, 12, 246.28, 620130, 1902, 18883, 0
2394, 0, 1007, 1049, 750, 10, 11.39%, 2, 16, 12, 249.69, 621406, 1902, 18883, 0
2399, 0, 1007, 1049, 750, 10, 11.39%, 2, 16, 12, 253.66, 622699, 1902, 18883, 0
2400, 0, 1007, 1049, 750, 10, 11.39%, 2, 16, 12, 252.08, 622839, 1902, 18883, 0
